Wavelength(micron)	Fp/F*(Blackbody ppm)	Fp/F*(Blackbody ppm)
0.30	0.00	0.00
0.31	0.00	0.00
0.32	0.00	0.00
0.33	0.00	0.00
0.34	0.00	0.00
0.35	0.00	0.00
0.36	0.00	0.00
0.37	0.01	0.01
0.38	0.01	0.01
0.39	0.01	0.01
0.40	0.01	0.01
0.41	0.02	0.02
0.42	0.02	0.02
0.43	0.02	0.02
0.44	0.03	0.03
0.45	0.04	0.04
0.46	0.04	0.04
0.47	0.05	0.05
0.48	0.06	0.06
0.49	0.07	0.07
0.50	0.08	0.08
0.51	0.09	0.09
0.52	0.11	0.11
0.53	0.12	0.12
0.54	0.14	0.14
0.55	0.16	0.16
0.56	0.18	0.18
0.57	0.20	0.20
0.58	0.22	0.22
0.59	0.25	0.25
0.60	0.28	0.28
0.61	0.31	0.31
0.62	0.34	0.34
0.63	0.37	0.37
0.64	0.41	0.41
0.65	0.45	0.45
0.66	0.49	0.49
0.67	0.53	0.53
0.68	0.57	0.57
0.69	0.62	0.62
0.70	0.67	0.67
0.71	0.72	0.72
0.72	0.78	0.78
0.73	0.84	0.84
0.74	0.90	0.90
0.75	0.96	0.96
0.76	1.02	1.02
0.77	1.09	1.09
0.78	1.16	1.16
0.79	1.23	1.23
0.80	1.31	1.31
0.81	1.39	1.39
0.82	1.47	1.47
0.83	1.55	1.55
0.84	1.64	1.64
0.85	1.73	1.73
0.86	1.82	1.82
0.87	1.91	1.91
0.88	2.01	2.01
0.89	2.11	2.11
0.90	2.21	2.21
0.91	2.31	2.31
0.92	2.42	2.42
0.93	2.53	2.53
0.94	2.64	2.64
0.95	2.75	2.75
0.96	2.87	2.87
0.97	2.99	2.99
0.98	3.11	3.11
0.99	3.23	3.23
1.00	3.35	3.35
1.01	3.48	3.48
1.02	3.61	3.61
1.03	3.74	3.74
1.04	3.88	3.88
1.05	4.01	4.01
1.06	4.15	4.15
1.07	4.29	4.29
1.08	4.43	4.43
1.09	4.58	4.58
1.10	4.72	4.72
1.11	4.87	4.87
1.12	5.02	5.02
1.13	5.17	5.17
1.14	5.32	5.32
1.15	5.48	5.48
1.16	5.63	5.63
1.17	5.79	5.79
1.18	5.95	5.95
1.19	6.11	6.11
1.20	6.28	6.28
1.21	6.44	6.44
1.22	6.60	6.60
1.23	6.77	6.77
1.24	6.94	6.94
1.25	7.11	7.11
1.26	7.28	7.28
1.27	7.45	7.45
1.28	7.63	7.63
1.29	7.80	7.80
1.30	7.98	7.98
1.31	8.15	8.15
1.32	8.33	8.33
1.33	8.51	8.51
1.34	8.69	8.69
1.35	8.87	8.87
1.36	9.05	9.05
1.37	9.23	9.23
1.38	9.42	9.42
1.39	9.60	9.60
1.40	9.79	9.79
1.41	9.97	9.97
1.42	10.16	10.16
1.43	10.34	10.34
1.44	10.53	10.53
1.45	10.72	10.72
1.46	10.91	10.91
1.47	11.10	11.10
1.48	11.29	11.29
1.49	11.48	11.48
1.50	11.67	11.67
1.51	11.86	11.86
1.52	12.05	12.05
1.53	12.25	12.25
1.54	12.44	12.44
1.55	12.63	12.63
1.56	12.82	12.82
1.57	13.02	13.02
1.58	13.21	13.21
1.59	13.41	13.41
1.60	13.60	13.60
1.61	13.79	13.79
1.62	13.99	13.99
1.63	14.18	14.18
1.64	14.38	14.38
1.65	14.57	14.57
1.66	14.77	14.77
1.67	14.97	14.97
1.68	15.16	15.16
1.69	15.36	15.36
1.70	15.55	15.55
1.71	15.75	15.75
1.72	15.94	15.94
1.73	16.14	16.14
1.74	16.33	16.33
1.75	16.53	16.53
1.76	16.72	16.72
1.77	16.92	16.92
1.78	17.11	17.11
1.79	17.31	17.31
1.80	17.50	17.50
1.81	17.70	17.70
1.82	17.89	17.89
1.83	18.09	18.09
1.84	18.28	18.28
1.85	18.47	18.47
1.86	18.67	18.67
1.87	18.86	18.86
1.88	19.05	19.05
1.89	19.25	19.25
1.90	19.44	19.44
1.91	19.63	19.63
1.92	19.82	19.82
1.93	20.01	20.01
1.94	20.21	20.21
1.95	20.40	20.40
1.96	20.59	20.59
1.97	20.78	20.78
1.98	20.97	20.97
1.99	21.16	21.16
2.00	21.35	21.35
2.01	21.54	21.54
2.02	21.72	21.72
2.03	21.91	21.91
2.04	22.10	22.10
2.05	22.29	22.29
2.06	22.47	22.47
2.07	22.66	22.66
2.08	22.85	22.85
2.09	23.03	23.03
2.10	23.22	23.22
2.11	23.40	23.40
2.12	23.58	23.58
2.13	23.77	23.77
2.14	23.95	23.95
2.15	24.13	24.13
2.16	24.32	24.32
2.17	24.50	24.50
2.18	24.68	24.68
2.19	24.86	24.86
2.20	25.04	25.04
2.21	25.22	25.22
2.22	25.40	25.40
2.23	25.58	25.58
2.24	25.76	25.76
2.25	25.94	25.94
2.26	26.11	26.11
2.27	26.29	26.29
2.28	26.47	26.47
2.29	26.64	26.64
2.30	26.82	26.82
2.31	26.99	26.99
2.32	27.17	27.17
2.33	27.34	27.34
2.34	27.51	27.51
2.35	27.69	27.69
2.36	27.86	27.86
2.37	28.03	28.03
2.38	28.20	28.20
2.39	28.37	28.37
2.40	28.54	28.54
2.41	28.71	28.71
2.42	28.88	28.88
2.43	29.05	29.05
2.44	29.21	29.21
2.45	29.38	29.38
2.46	29.55	29.55
2.47	29.71	29.71
2.48	29.88	29.88
2.49	30.04	30.04
2.50	30.21	30.21
2.51	30.37	30.37
2.52	30.53	30.53
2.53	30.70	30.70
2.54	30.86	30.86
2.55	31.02	31.02
2.56	31.18	31.18
2.57	31.34	31.34
2.58	31.50	31.50
2.59	31.66	31.66
2.60	31.82	31.82
2.61	31.98	31.98
2.62	32.14	32.14
2.63	32.29	32.29
2.64	32.45	32.45
2.65	32.60	32.60
2.66	32.76	32.76
2.67	32.91	32.91
2.68	33.07	33.07
2.69	33.22	33.22
2.70	33.38	33.38
2.71	33.53	33.53
2.72	33.68	33.68
2.73	33.83	33.83
2.74	33.98	33.98
2.75	34.13	34.13
2.76	34.28	34.28
2.77	34.43	34.43
2.78	34.58	34.58
2.79	34.73	34.73
2.80	34.88	34.88
2.81	35.02	35.02
2.82	35.17	35.17
2.83	35.32	35.32
2.84	35.46	35.46
2.85	35.61	35.61
2.86	35.75	35.75
2.87	35.89	35.89
2.88	36.04	36.04
2.89	36.18	36.18
2.90	36.32	36.32
2.91	36.46	36.46
2.92	36.60	36.60
2.93	36.75	36.75
2.94	36.89	36.89
2.95	37.02	37.02
2.96	37.16	37.16
2.97	37.30	37.30
2.98	37.44	37.44
2.99	37.58	37.58
3.00	37.71	37.71
3.01	37.85	37.85
3.02	37.99	37.99
3.03	38.12	38.12
3.04	38.26	38.26
3.05	38.39	38.39
3.06	38.52	38.52
3.07	38.66	38.66
3.08	38.79	38.79
3.09	38.92	38.92
3.10	39.05	39.05
3.11	39.19	39.19
3.12	39.32	39.32
3.13	39.45	39.45
3.14	39.58	39.58
3.15	39.71	39.71
3.16	39.83	39.83
3.17	39.96	39.96
3.18	40.09	40.09
3.19	40.22	40.22
3.20	40.35	40.35
3.21	40.47	40.47
3.22	40.60	40.60
3.23	40.72	40.72
3.24	40.85	40.85
3.25	40.97	40.97
3.26	41.10	41.10
3.27	41.22	41.22
3.28	41.34	41.34
3.29	41.46	41.46
3.30	41.59	41.59
3.31	41.71	41.71
3.32	41.83	41.83
3.33	41.95	41.95
3.34	42.07	42.07
3.35	42.19	42.19
3.36	42.31	42.31
3.37	42.43	42.43
3.38	42.55	42.55
3.39	42.66	42.66
3.40	42.78	42.78
3.41	42.90	42.90
3.42	43.02	43.02
3.43	43.13	43.13
3.44	43.25	43.25
3.45	43.36	43.36
3.46	43.48	43.48
3.47	43.59	43.59
3.48	43.71	43.71
3.49	43.82	43.82
3.50	43.93	43.93
3.51	44.05	44.05
3.52	44.16	44.16
3.53	44.27	44.27
3.54	44.38	44.38
3.55	44.49	44.49
3.56	44.60	44.60
3.57	44.71	44.71
3.58	44.82	44.82
3.59	44.93	44.93
3.60	45.04	45.04
3.61	45.15	45.15
3.62	45.26	45.26
3.63	45.36	45.36
3.64	45.47	45.47
3.65	45.58	45.58
3.66	45.68	45.68
3.67	45.79	45.79
3.68	45.90	45.90
3.69	46.00	46.00
3.70	46.11	46.11
3.71	46.21	46.21
3.72	46.31	46.31
3.73	46.42	46.42
3.74	46.52	46.52
3.75	46.62	46.62
3.76	46.73	46.73
3.77	46.83	46.83
3.78	46.93	46.93
3.79	47.03	47.03
3.80	47.13	47.13
3.81	47.23	47.23
3.82	47.33	47.33
3.83	47.43	47.43
3.84	47.53	47.53
3.85	47.63	47.63
3.86	47.73	47.73
3.87	47.83	47.83
3.88	47.93	47.93
3.89	48.02	48.02
3.90	48.12	48.12
3.91	48.22	48.22
3.92	48.32	48.32
3.93	48.41	48.41
3.94	48.51	48.51
3.95	48.60	48.60
3.96	48.70	48.70
3.97	48.79	48.79
3.98	48.89	48.89
3.99	48.98	48.98
4.00	49.07	49.07
4.01	49.17	49.17
4.02	49.26	49.26
4.03	49.35	49.35
4.04	49.45	49.45
4.05	49.54	49.54
4.06	49.63	49.63
4.07	49.72	49.72
4.08	49.81	49.81
4.09	49.90	49.90
4.10	49.99	49.99
4.11	50.08	50.08
4.12	50.17	50.17
4.13	50.26	50.26
4.14	50.35	50.35
4.15	50.44	50.44
4.16	50.53	50.53
4.17	50.62	50.62
4.18	50.71	50.71
4.19	50.79	50.79
4.20	50.88	50.88
4.21	50.97	50.97
4.22	51.05	51.05
4.23	51.14	51.14
4.24	51.23	51.23
4.25	51.31	51.31
4.26	51.40	51.40
4.27	51.48	51.48
4.28	51.57	51.57
4.29	51.65	51.65
4.30	51.73	51.73
4.31	51.82	51.82
4.32	51.90	51.90
4.33	51.98	51.98
4.34	52.07	52.07
4.35	52.15	52.15
4.36	52.23	52.23
4.37	52.31	52.31
4.38	52.40	52.40
4.39	52.48	52.48
4.40	52.56	52.56
4.41	52.64	52.64
4.42	52.72	52.72
4.43	52.80	52.80
4.44	52.88	52.88
4.45	52.96	52.96
4.46	53.04	53.04
4.47	53.12	53.12
4.48	53.20	53.20
4.49	53.28	53.28
4.50	53.36	53.36
4.51	53.43	53.43
4.52	53.51	53.51
4.53	53.59	53.59
4.54	53.67	53.67
4.55	53.74	53.74
4.56	53.82	53.82
4.57	53.90	53.90
4.58	53.97	53.97
4.59	54.05	54.05
4.60	54.12	54.12
4.61	54.20	54.20
4.62	54.27	54.27
4.63	54.35	54.35
4.64	54.42	54.42
4.65	54.50	54.50
4.66	54.57	54.57
4.67	54.65	54.65
4.68	54.72	54.72
4.69	54.79	54.79
4.70	54.87	54.87
4.71	54.94	54.94
4.72	55.01	55.01
4.73	55.09	55.09
4.74	55.16	55.16
4.75	55.23	55.23
4.76	55.30	55.30
4.77	55.37	55.37
4.78	55.44	55.44
4.79	55.51	55.51
4.80	55.59	55.59
4.81	55.66	55.66
4.82	55.73	55.73
4.83	55.80	55.80
4.84	55.87	55.87
4.85	55.94	55.94
4.86	56.00	56.00
4.87	56.07	56.07
4.88	56.14	56.14
4.89	56.21	56.21
4.90	56.28	56.28
4.91	56.35	56.35
4.92	56.42	56.42
4.93	56.48	56.48
4.94	56.55	56.55
4.95	56.62	56.62
4.96	56.69	56.69
4.97	56.75	56.75
4.98	56.82	56.82
4.99	56.89	56.89
5.00	56.95	56.95
5.01	57.02	57.02
5.02	57.08	57.08
5.03	57.15	57.15
5.04	57.21	57.21
5.05	57.28	57.28
5.06	57.34	57.34
5.07	57.41	57.41
5.08	57.47	57.47
5.09	57.54	57.54
5.10	57.60	57.60
5.11	57.67	57.67
5.12	57.73	57.73
5.13	57.79	57.79
5.14	57.86	57.86
5.15	57.92	57.92
5.16	57.98	57.98
5.17	58.04	58.04
5.18	58.11	58.11
5.19	58.17	58.17
5.20	58.23	58.23
5.21	58.29	58.29
5.22	58.35	58.35
5.23	58.42	58.42
5.24	58.48	58.48
5.25	58.54	58.54
5.26	58.60	58.60
5.27	58.66	58.66
5.28	58.72	58.72
5.29	58.78	58.78
5.30	58.84	58.84
5.31	58.90	58.90
5.32	58.96	58.96
5.33	59.02	59.02
5.34	59.08	59.08
5.35	59.14	59.14
5.36	59.20	59.20
5.37	59.26	59.26
5.38	59.31	59.31
5.39	59.37	59.37
5.40	59.43	59.43
5.41	59.49	59.49
5.42	59.55	59.55
5.43	59.60	59.60
5.44	59.66	59.66
5.45	59.72	59.72
5.46	59.78	59.78
5.47	59.83	59.83
5.48	59.89	59.89
5.49	59.95	59.95
5.50	60.00	60.00
5.51	60.06	60.06
5.52	60.12	60.12
5.53	60.17	60.17
5.54	60.23	60.23
5.55	60.28	60.28
5.56	60.34	60.34
5.57	60.39	60.39
5.58	60.45	60.45
5.59	60.50	60.50
5.60	60.56	60.56
5.61	60.61	60.61
5.62	60.67	60.67
5.63	60.72	60.72
5.64	60.78	60.78
5.65	60.83	60.83
5.66	60.88	60.88
5.67	60.94	60.94
5.68	60.99	60.99
5.69	61.04	61.04
5.70	61.10	61.10
5.71	61.15	61.15
5.72	61.20	61.20
5.73	61.25	61.25
5.74	61.31	61.31
5.75	61.36	61.36
5.76	61.41	61.41
5.77	61.46	61.46
5.78	61.52	61.52
5.79	61.57	61.57
5.80	61.62	61.62
5.81	61.67	61.67
5.82	61.72	61.72
5.83	61.77	61.77
5.84	61.82	61.82
5.85	61.87	61.87
5.86	61.92	61.92
5.87	61.98	61.98
5.88	62.03	62.03
5.89	62.08	62.08
5.90	62.13	62.13
5.91	62.18	62.18
5.92	62.23	62.23
5.93	62.28	62.28
5.94	62.32	62.32
5.95	62.37	62.37
5.96	62.42	62.42
5.97	62.47	62.47
5.98	62.52	62.52
5.99	62.57	62.57
6.00	62.62	62.62
6.01	62.67	62.67
6.02	62.71	62.71
6.03	62.76	62.76
6.04	62.81	62.81
6.05	62.86	62.86
6.06	62.91	62.91
6.07	62.95	62.95
6.08	63.00	63.00
6.09	63.05	63.05
6.10	63.10	63.10
6.11	63.14	63.14
6.12	63.19	63.19
6.13	63.24	63.24
6.14	63.28	63.28
6.15	63.33	63.33
6.16	63.38	63.38
6.17	63.42	63.42
6.18	63.47	63.47
6.19	63.52	63.52
6.20	63.56	63.56
6.21	63.61	63.61
6.22	63.65	63.65
6.23	63.70	63.70
6.24	63.74	63.74
6.25	63.79	63.79
6.26	63.83	63.83
6.27	63.88	63.88
6.28	63.92	63.92
6.29	63.97	63.97
6.30	64.01	64.01
6.31	64.06	64.06
6.32	64.10	64.10
6.33	64.15	64.15
6.34	64.19	64.19
6.35	64.23	64.23
6.36	64.28	64.28
6.37	64.32	64.32
6.38	64.37	64.37
6.39	64.41	64.41
6.40	64.45	64.45
6.41	64.50	64.50
6.42	64.54	64.54
6.43	64.58	64.58
6.44	64.62	64.62
6.45	64.67	64.67
6.46	64.71	64.71
6.47	64.75	64.75
6.48	64.80	64.80
6.49	64.84	64.84
6.50	64.88	64.88
6.51	64.92	64.92
6.52	64.96	64.96
6.53	65.01	65.01
6.54	65.05	65.05
6.55	65.09	65.09
6.56	65.13	65.13
6.57	65.17	65.17
6.58	65.21	65.21
6.59	65.25	65.25
6.60	65.30	65.30
6.61	65.34	65.34
6.62	65.38	65.38
6.63	65.42	65.42
6.64	65.46	65.46
6.65	65.50	65.50
6.66	65.54	65.54
6.67	65.58	65.58
6.68	65.62	65.62
6.69	65.66	65.66
6.70	65.70	65.70
6.71	65.74	65.74
6.72	65.78	65.78
6.73	65.82	65.82
6.74	65.86	65.86
6.75	65.90	65.90
6.76	65.94	65.94
6.77	65.98	65.98
6.78	66.02	66.02
6.79	66.06	66.06
6.80	66.09	66.09
6.81	66.13	66.13
6.82	66.17	66.17
6.83	66.21	66.21
6.84	66.25	66.25
6.85	66.29	66.29
6.86	66.33	66.33
6.87	66.36	66.36
6.88	66.40	66.40
6.89	66.44	66.44
6.90	66.48	66.48
6.91	66.52	66.52
6.92	66.55	66.55
6.93	66.59	66.59
6.94	66.63	66.63
6.95	66.67	66.67
6.96	66.70	66.70
6.97	66.74	66.74
6.98	66.78	66.78
6.99	66.82	66.82
7.00	66.85	66.85
7.01	66.89	66.89
7.02	66.93	66.93
7.03	66.96	66.96
7.04	67.00	67.00
7.05	67.04	67.04
7.06	67.07	67.07
7.07	67.11	67.11
7.08	67.14	67.14
7.09	67.18	67.18
7.10	67.22	67.22
7.11	67.25	67.25
7.12	67.29	67.29
7.13	67.32	67.32
7.14	67.36	67.36
7.15	67.40	67.40
7.16	67.43	67.43
7.17	67.47	67.47
7.18	67.50	67.50
7.19	67.54	67.54
7.20	67.57	67.57
7.21	67.61	67.61
7.22	67.64	67.64
7.23	67.68	67.68
7.24	67.71	67.71
7.25	67.75	67.75
7.26	67.78	67.78
7.27	67.82	67.82
7.28	67.85	67.85
7.29	67.88	67.88
7.30	67.92	67.92
7.31	67.95	67.95
7.32	67.99	67.99
7.33	68.02	68.02
7.34	68.06	68.06
7.35	68.09	68.09
7.36	68.12	68.12
7.37	68.16	68.16
7.38	68.19	68.19
7.39	68.22	68.22
7.40	68.26	68.26
7.41	68.29	68.29
7.42	68.32	68.32
7.43	68.36	68.36
7.44	68.39	68.39
7.45	68.42	68.42
7.46	68.46	68.46
7.47	68.49	68.49
7.48	68.52	68.52
7.49	68.55	68.55
7.50	68.59	68.59
7.51	68.62	68.62
7.52	68.65	68.65
7.53	68.68	68.68
7.54	68.72	68.72
7.55	68.75	68.75
7.56	68.78	68.78
7.57	68.81	68.81
7.58	68.84	68.84
7.59	68.88	68.88
7.60	68.91	68.91
7.61	68.94	68.94
7.62	68.97	68.97
7.63	69.00	69.00
7.64	69.03	69.03
7.65	69.07	69.07
7.66	69.10	69.10
7.67	69.13	69.13
7.68	69.16	69.16
7.69	69.19	69.19
7.70	69.22	69.22
7.71	69.25	69.25
7.72	69.28	69.28
7.73	69.32	69.32
7.74	69.35	69.35
7.75	69.38	69.38
7.76	69.41	69.41
7.77	69.44	69.44
7.78	69.47	69.47
7.79	69.50	69.50
7.80	69.53	69.53
7.81	69.56	69.56
7.82	69.59	69.59
7.83	69.62	69.62
7.84	69.65	69.65
7.85	69.68	69.68
7.86	69.71	69.71
7.87	69.74	69.74
7.88	69.77	69.77
7.89	69.80	69.80
7.90	69.83	69.83
7.91	69.86	69.86
7.92	69.89	69.89
7.93	69.92	69.92
7.94	69.95	69.95
7.95	69.98	69.98
7.96	70.01	70.01
7.97	70.03	70.03
7.98	70.06	70.06
7.99	70.09	70.09
8.00	70.12	70.12
8.01	70.15	70.15
8.02	70.18	70.18
8.03	70.21	70.21
8.04	70.24	70.24
8.05	70.27	70.27
8.06	70.29	70.29
8.07	70.32	70.32
8.08	70.35	70.35
8.09	70.38	70.38
8.10	70.41	70.41
8.11	70.44	70.44
8.12	70.46	70.46
8.13	70.49	70.49
8.14	70.52	70.52
8.15	70.55	70.55
8.16	70.58	70.58
8.17	70.60	70.60
8.18	70.63	70.63
8.19	70.66	70.66
8.20	70.69	70.69
8.21	70.71	70.71
8.22	70.74	70.74
8.23	70.77	70.77
8.24	70.80	70.80
8.25	70.82	70.82
8.26	70.85	70.85
8.27	70.88	70.88
8.28	70.91	70.91
8.29	70.93	70.93
8.30	70.96	70.96
8.31	70.99	70.99
8.32	71.01	71.01
8.33	71.04	71.04
8.34	71.07	71.07
8.35	71.09	71.09
8.36	71.12	71.12
8.37	71.15	71.15
8.38	71.17	71.17
8.39	71.20	71.20
8.40	71.23	71.23
8.41	71.25	71.25
8.42	71.28	71.28
8.43	71.31	71.31
8.44	71.33	71.33
8.45	71.36	71.36
8.46	71.39	71.39
8.47	71.41	71.41
8.48	71.44	71.44
8.49	71.46	71.46
8.50	71.49	71.49
8.51	71.52	71.52
8.52	71.54	71.54
8.53	71.57	71.57
8.54	71.59	71.59
8.55	71.62	71.62
8.56	71.64	71.64
8.57	71.67	71.67
8.58	71.69	71.69
8.59	71.72	71.72
8.60	71.74	71.74
8.61	71.77	71.77
8.62	71.80	71.80
8.63	71.82	71.82
8.64	71.85	71.85
8.65	71.87	71.87
8.66	71.90	71.90
8.67	71.92	71.92
8.68	71.95	71.95
8.69	71.97	71.97
8.70	72.00	72.00
8.71	72.02	72.02
8.72	72.04	72.04
8.73	72.07	72.07
8.74	72.09	72.09
8.75	72.12	72.12
8.76	72.14	72.14
8.77	72.17	72.17
8.78	72.19	72.19
8.79	72.22	72.22
8.80	72.24	72.24
8.81	72.26	72.26
8.82	72.29	72.29
8.83	72.31	72.31
8.84	72.34	72.34
8.85	72.36	72.36
8.86	72.38	72.38
8.87	72.41	72.41
8.88	72.43	72.43
8.89	72.46	72.46
8.90	72.48	72.48
8.91	72.50	72.50
8.92	72.53	72.53
8.93	72.55	72.55
8.94	72.57	72.57
8.95	72.60	72.60
8.96	72.62	72.62
8.97	72.64	72.64
8.98	72.67	72.67
8.99	72.69	72.69
9.00	72.71	72.71
9.01	72.74	72.74
9.02	72.76	72.76
9.03	72.78	72.78
9.04	72.81	72.81
9.05	72.83	72.83
9.06	72.85	72.85
9.07	72.88	72.88
9.08	72.90	72.90
9.09	72.92	72.92
9.10	72.94	72.94
9.11	72.97	72.97
9.12	72.99	72.99
9.13	73.01	73.01
9.14	73.04	73.04
9.15	73.06	73.06
9.16	73.08	73.08
9.17	73.10	73.10
9.18	73.13	73.13
9.19	73.15	73.15
9.20	73.17	73.17
9.21	73.19	73.19
9.22	73.21	73.21
9.23	73.24	73.24
9.24	73.26	73.26
9.25	73.28	73.28
9.26	73.30	73.30
9.27	73.33	73.33
9.28	73.35	73.35
9.29	73.37	73.37
9.30	73.39	73.39
9.31	73.41	73.41
9.32	73.43	73.43
9.33	73.46	73.46
9.34	73.48	73.48
9.35	73.50	73.50
9.36	73.52	73.52
9.37	73.54	73.54
9.38	73.56	73.56
9.39	73.59	73.59
9.40	73.61	73.61
9.41	73.63	73.63
9.42	73.65	73.65
9.43	73.67	73.67
9.44	73.69	73.69
9.45	73.71	73.71
9.46	73.73	73.73
9.47	73.76	73.76
9.48	73.78	73.78
9.49	73.80	73.80
9.50	73.82	73.82
9.51	73.84	73.84
9.52	73.86	73.86
9.53	73.88	73.88
9.54	73.90	73.90
9.55	73.92	73.92
9.56	73.94	73.94
9.57	73.97	73.97
9.58	73.99	73.99
9.59	74.01	74.01
9.60	74.03	74.03
9.61	74.05	74.05
9.62	74.07	74.07
9.63	74.09	74.09
9.64	74.11	74.11
9.65	74.13	74.13
9.66	74.15	74.15
9.67	74.17	74.17
9.68	74.19	74.19
9.69	74.21	74.21
9.70	74.23	74.23
9.71	74.25	74.25
9.72	74.27	74.27
9.73	74.29	74.29
9.74	74.31	74.31
9.75	74.33	74.33
9.76	74.35	74.35
9.77	74.37	74.37
9.78	74.39	74.39
9.79	74.41	74.41
9.80	74.43	74.43
9.81	74.45	74.45
9.82	74.47	74.47
9.83	74.49	74.49
9.84	74.51	74.51
9.85	74.53	74.53
9.86	74.55	74.55
9.87	74.57	74.57
9.88	74.59	74.59
9.89	74.61	74.61
9.90	74.63	74.63
9.91	74.65	74.65
9.92	74.67	74.67
9.93	74.68	74.68
9.94	74.70	74.70
9.95	74.72	74.72
9.96	74.74	74.74
9.97	74.76	74.76
9.98	74.78	74.78
9.99	74.80	74.80
10.00	74.82	74.82
10.01	74.84	74.84
10.02	74.86	74.86
10.03	74.88	74.88
10.04	74.89	74.89
10.05	74.91	74.91
10.06	74.93	74.93
10.07	74.95	74.95
10.08	74.97	74.97
10.09	74.99	74.99
10.10	75.01	75.01
10.11	75.03	75.03
10.12	75.04	75.04
10.13	75.06	75.06
10.14	75.08	75.08
10.15	75.10	75.10
10.16	75.12	75.12
10.17	75.14	75.14
10.18	75.16	75.16
10.19	75.17	75.17
10.20	75.19	75.19
10.21	75.21	75.21
10.22	75.23	75.23
10.23	75.25	75.25
10.24	75.27	75.27
10.25	75.28	75.28
10.26	75.30	75.30
10.27	75.32	75.32
10.28	75.34	75.34
10.29	75.36	75.36
10.30	75.37	75.37
10.31	75.39	75.39
10.32	75.41	75.41
10.33	75.43	75.43
10.34	75.45	75.45
10.35	75.46	75.46
10.36	75.48	75.48
10.37	75.50	75.50
10.38	75.52	75.52
10.39	75.54	75.54
10.40	75.55	75.55
10.41	75.57	75.57
10.42	75.59	75.59
10.43	75.61	75.61
10.44	75.62	75.62
10.45	75.64	75.64
10.46	75.66	75.66
10.47	75.68	75.68
10.48	75.69	75.69
10.49	75.71	75.71
10.50	75.73	75.73
10.51	75.75	75.75
10.52	75.76	75.76
10.53	75.78	75.78
10.54	75.80	75.80
10.55	75.81	75.81
10.56	75.83	75.83
10.57	75.85	75.85
10.58	75.87	75.87
10.59	75.88	75.88
10.60	75.90	75.90
10.61	75.92	75.92
10.62	75.93	75.93
10.63	75.95	75.95
10.64	75.97	75.97
10.65	75.99	75.99
10.66	76.00	76.00
10.67	76.02	76.02
10.68	76.04	76.04
10.69	76.05	76.05
10.70	76.07	76.07
10.71	76.09	76.09
10.72	76.10	76.10
10.73	76.12	76.12
10.74	76.14	76.14
10.75	76.15	76.15
10.76	76.17	76.17
10.77	76.19	76.19
10.78	76.20	76.20
10.79	76.22	76.22
10.80	76.24	76.24
10.81	76.25	76.25
10.82	76.27	76.27
10.83	76.28	76.28
10.84	76.30	76.30
10.85	76.32	76.32
10.86	76.33	76.33
10.87	76.35	76.35
10.88	76.37	76.37
10.89	76.38	76.38
10.90	76.40	76.40
10.91	76.41	76.41
10.92	76.43	76.43
10.93	76.45	76.45
10.94	76.46	76.46
10.95	76.48	76.48
10.96	76.49	76.49
10.97	76.51	76.51
10.98	76.53	76.53
10.99	76.54	76.54
11.00	76.56	76.56
11.01	76.57	76.57
11.02	76.59	76.59
11.03	76.61	76.61
11.04	76.62	76.62
11.05	76.64	76.64
11.06	76.65	76.65
11.07	76.67	76.67
11.08	76.68	76.68
11.09	76.70	76.70
11.10	76.72	76.72
11.11	76.73	76.73
11.12	76.75	76.75
11.13	76.76	76.76
11.14	76.78	76.78
11.15	76.79	76.79
11.16	76.81	76.81
11.17	76.82	76.82
11.18	76.84	76.84
11.19	76.86	76.86
11.20	76.87	76.87
11.21	76.89	76.89
11.22	76.90	76.90
11.23	76.92	76.92
11.24	76.93	76.93
11.25	76.95	76.95
11.26	76.96	76.96
11.27	76.98	76.98
11.28	76.99	76.99
11.29	77.01	77.01
11.30	77.02	77.02
11.31	77.04	77.04
11.32	77.05	77.05
11.33	77.07	77.07
11.34	77.08	77.08
11.35	77.10	77.10
11.36	77.11	77.11
11.37	77.13	77.13
11.38	77.14	77.14
11.39	77.16	77.16
11.40	77.17	77.17
11.41	77.19	77.19
11.42	77.20	77.20
11.43	77.22	77.22
11.44	77.23	77.23
11.45	77.25	77.25
11.46	77.26	77.26
11.47	77.28	77.28
11.48	77.29	77.29
11.49	77.30	77.30
11.50	77.32	77.32
11.51	77.33	77.33
11.52	77.35	77.35
11.53	77.36	77.36
11.54	77.38	77.38
11.55	77.39	77.39
11.56	77.41	77.41
11.57	77.42	77.42
11.58	77.44	77.44
11.59	77.45	77.45
11.60	77.46	77.46
11.61	77.48	77.48
11.62	77.49	77.49
11.63	77.51	77.51
11.64	77.52	77.52
11.65	77.54	77.54
11.66	77.55	77.55
11.67	77.56	77.56
11.68	77.58	77.58
11.69	77.59	77.59
11.70	77.61	77.61
11.71	77.62	77.62
11.72	77.63	77.63
11.73	77.65	77.65
11.74	77.66	77.66
11.75	77.68	77.68
11.76	77.69	77.69
11.77	77.70	77.70
11.78	77.72	77.72
11.79	77.73	77.73
11.80	77.75	77.75
11.81	77.76	77.76
11.82	77.77	77.77
11.83	77.79	77.79
11.84	77.80	77.80
11.85	77.82	77.82
11.86	77.83	77.83
11.87	77.84	77.84
11.88	77.86	77.86
11.89	77.87	77.87
11.90	77.88	77.88
11.91	77.90	77.90
11.92	77.91	77.91
11.93	77.93	77.93
11.94	77.94	77.94
11.95	77.95	77.95
11.96	77.97	77.97
11.97	77.98	77.98
11.98	77.99	77.99
11.99	78.01	78.01
12.00	78.02	78.02
12.01	78.03	78.03
12.02	78.05	78.05
12.03	78.06	78.06
12.04	78.07	78.07
12.05	78.09	78.09
12.06	78.10	78.10
12.07	78.11	78.11
12.08	78.13	78.13
12.09	78.14	78.14
12.10	78.15	78.15
12.11	78.17	78.17
12.12	78.18	78.18
12.13	78.19	78.19
12.14	78.21	78.21
12.15	78.22	78.22
12.16	78.23	78.23
12.17	78.25	78.25
12.18	78.26	78.26
12.19	78.27	78.27
12.20	78.28	78.28
12.21	78.30	78.30
12.22	78.31	78.31
12.23	78.32	78.32
12.24	78.34	78.34
12.25	78.35	78.35
12.26	78.36	78.36
12.27	78.37	78.37
12.28	78.39	78.39
12.29	78.40	78.40
12.30	78.41	78.41
