8.66653761 76.88546328 15.49441104 19.10926446
3.24011307 73.49509614  9.76328341 15.29867426
4.77070542 56.86933798 15.83742663 15.65195654
5.79393592 53.54897155 19.09389666 11.6113077 
11.80907606 96.15979283 13.33824827 37.52091145
6.72497167 96.06839897  7.53489034 25.43238089
4.75943089 78.54431979  9.41873765 20.03194755
1.5212544  56.26539488 12.27016215 10.46218864
1.37132416 63.9732979   9.8558671  13.5506996 
2.91557593 79.85452884  6.91422848 21.747387  
4.74167831 100.06207433   2.72506024  32.06608149
6.05230032 77.98322866 11.45631418 24.51533334
6.37573836 68.40537324 14.19629774 22.1519828
6.76736272 91.70650351  8.64931849 31.12393273
5.54279026 97.58682075  5.38966522 29.07828496
7.24337766 89.51582567  9.46075224 25.85741527
4.24117673 43.23967982 19.71593571  5.19728299 
13.41410911 63.58407851 25.12932859 19.4611973
4.01942833 47.92393584 17.89256514  9.80567091
4.75258661 73.84482085 11.30496642 17.41936945
8.51706536 60.5154042  20.1096619  17.08901059
9.40181147 67.93936746 19.17453034 18.56107936
6.72808671 78.53297867 11.89535159 27.75697521
8.90628104 83.22936199 13.97096311 22.55154554 
5.44038422 88.71239698  7.47009483 30.08015873
7.24055643 54.20198606 20.55248844  9.67144376
7.91196774 74.46010713 15.7699512  19.54689737
1.69612358 62.93960949 10.98481605 11.95521674
6.46384939 59.08562034 17.33945617 14.5233826
3.65525212 82.44381092  6.60574738 26.20590127