Wavelength(micron)	Fp/F*(Blackbody & heat fully redistribution ppm)	Fp/F*(Blackbody & heat fully redistribution ppm)
0.30	0.00	0.00
0.31	0.00	0.00
0.32	0.00	0.00
0.33	0.00	0.00
0.34	0.00	0.00
0.35	0.00	0.00
0.36	0.00	0.00
0.37	0.00	0.00
0.38	0.00	0.00
0.39	0.00	0.00
0.40	0.00	0.00
0.41	0.00	0.00
0.42	0.00	0.00
0.43	0.00	0.00
0.44	0.00	0.00
0.45	0.00	0.00
0.46	0.00	0.00
0.47	0.00	0.00
0.48	0.00	0.00
0.49	0.00	0.00
0.50	0.00	0.00
0.51	0.00	0.00
0.52	0.00	0.00
0.53	0.00	0.00
0.54	0.00	0.00
0.55	0.00	0.00
0.56	0.00	0.00
0.57	0.00	0.00
0.58	0.00	0.00
0.59	0.00	0.00
0.60	0.00	0.00
0.61	0.01	0.01
0.62	0.01	0.01
0.63	0.01	0.01
0.64	0.01	0.01
0.65	0.01	0.01
0.66	0.01	0.01
0.67	0.01	0.01
0.68	0.01	0.01
0.69	0.02	0.02
0.70	0.02	0.02
0.71	0.02	0.02
0.72	0.03	0.03
0.73	0.03	0.03
0.74	0.03	0.03
0.75	0.04	0.04
0.76	0.04	0.04
0.77	0.05	0.05
0.78	0.05	0.05
0.79	0.06	0.06
0.80	0.06	0.06
0.81	0.07	0.07
0.82	0.08	0.08
0.83	0.08	0.08
0.84	0.09	0.09
0.85	0.10	0.10
0.86	0.11	0.11
0.87	0.12	0.12
0.88	0.13	0.13
0.89	0.14	0.14
0.90	0.15	0.15
0.91	0.16	0.16
0.92	0.18	0.18
0.93	0.19	0.19
0.94	0.20	0.20
0.95	0.22	0.22
0.96	0.23	0.23
0.97	0.25	0.25
0.98	0.27	0.27
0.99	0.29	0.29
1.00	0.31	0.31
1.01	0.32	0.32
1.02	0.35	0.35
1.03	0.37	0.37
1.04	0.39	0.39
1.05	0.41	0.41
1.06	0.44	0.44
1.07	0.46	0.46
1.08	0.49	0.49
1.09	0.52	0.52
1.10	0.54	0.54
1.11	0.57	0.57
1.12	0.60	0.60
1.13	0.63	0.63
1.14	0.66	0.66
1.15	0.70	0.70
1.16	0.73	0.73
1.17	0.77	0.77
1.18	0.80	0.80
1.19	0.84	0.84
1.20	0.88	0.88
1.21	0.92	0.92
1.22	0.96	0.96
1.23	1.00	1.00
1.24	1.04	1.04
1.25	1.08	1.08
1.26	1.13	1.13
1.27	1.17	1.17
1.28	1.22	1.22
1.29	1.26	1.26
1.30	1.31	1.31
1.31	1.36	1.36
1.32	1.41	1.41
1.33	1.46	1.46
1.34	1.51	1.51
1.35	1.57	1.57
1.36	1.62	1.62
1.37	1.68	1.68
1.38	1.73	1.73
1.39	1.79	1.79
1.40	1.85	1.85
1.41	1.91	1.91
1.42	1.97	1.97
1.43	2.03	2.03
1.44	2.09	2.09
1.45	2.15	2.15
1.46	2.21	2.21
1.47	2.28	2.28
1.48	2.35	2.35
1.49	2.41	2.41
1.50	2.48	2.48
1.51	2.55	2.55
1.52	2.62	2.62
1.53	2.69	2.69
1.54	2.76	2.76
1.55	2.83	2.83
1.56	2.90	2.90
1.57	2.98	2.98
1.58	3.05	3.05
1.59	3.12	3.12
1.60	3.20	3.20
1.61	3.28	3.28
1.62	3.36	3.36
1.63	3.43	3.43
1.64	3.51	3.51
1.65	3.59	3.59
1.66	3.67	3.67
1.67	3.75	3.75
1.68	3.84	3.84
1.69	3.92	3.92
1.70	4.00	4.00
1.71	4.09	4.09
1.72	4.17	4.17
1.73	4.26	4.26
1.74	4.34	4.34
1.75	4.43	4.43
1.76	4.52	4.52
1.77	4.61	4.61
1.78	4.69	4.69
1.79	4.78	4.78
1.80	4.87	4.87
1.81	4.96	4.96
1.82	5.05	5.05
1.83	5.15	5.15
1.84	5.24	5.24
1.85	5.33	5.33
1.86	5.42	5.42
1.87	5.52	5.52
1.88	5.61	5.61
1.89	5.71	5.71
1.90	5.80	5.80
1.91	5.90	5.90
1.92	5.99	5.99
1.93	6.09	6.09
1.94	6.19	6.19
1.95	6.29	6.29
1.96	6.38	6.38
1.97	6.48	6.48
1.98	6.58	6.58
1.99	6.68	6.68
2.00	6.78	6.78
2.01	6.88	6.88
2.02	6.98	6.98
2.03	7.08	7.08
2.04	7.18	7.18
2.05	7.28	7.28
2.06	7.38	7.38
2.07	7.49	7.49
2.08	7.59	7.59
2.09	7.69	7.69
2.10	7.79	7.79
2.11	7.90	7.90
2.12	8.00	8.00
2.13	8.10	8.10
2.14	8.21	8.21
2.15	8.31	8.31
2.16	8.41	8.41
2.17	8.52	8.52
2.18	8.62	8.62
2.19	8.73	8.73
2.20	8.83	8.83
2.21	8.94	8.94
2.22	9.05	9.05
2.23	9.15	9.15
2.24	9.26	9.26
2.25	9.36	9.36
2.26	9.47	9.47
2.27	9.58	9.58
2.28	9.68	9.68
2.29	9.79	9.79
2.30	9.90	9.90
2.31	10.00	10.00
2.32	10.11	10.11
2.33	10.22	10.22
2.34	10.32	10.32
2.35	10.43	10.43
2.36	10.54	10.54
2.37	10.65	10.65
2.38	10.75	10.75
2.39	10.86	10.86
2.40	10.97	10.97
2.41	11.08	11.08
2.42	11.19	11.19
2.43	11.29	11.29
2.44	11.40	11.40
2.45	11.51	11.51
2.46	11.62	11.62
2.47	11.73	11.73
2.48	11.83	11.83
2.49	11.94	11.94
2.50	12.05	12.05
2.51	12.16	12.16
2.52	12.27	12.27
2.53	12.37	12.37
2.54	12.48	12.48
2.55	12.59	12.59
2.56	12.70	12.70
2.57	12.81	12.81
2.58	12.91	12.91
2.59	13.02	13.02
2.60	13.13	13.13
2.61	13.24	13.24
2.62	13.34	13.34
2.63	13.45	13.45
2.64	13.56	13.56
2.65	13.67	13.67
2.66	13.77	13.77
2.67	13.88	13.88
2.68	13.99	13.99
2.69	14.10	14.10
2.70	14.20	14.20
2.71	14.31	14.31
2.72	14.42	14.42
2.73	14.53	14.53
2.74	14.63	14.63
2.75	14.74	14.74
2.76	14.85	14.85
2.77	14.95	14.95
2.78	15.06	15.06
2.79	15.16	15.16
2.80	15.27	15.27
2.81	15.38	15.38
2.82	15.48	15.48
2.83	15.59	15.59
2.84	15.69	15.69
2.85	15.80	15.80
2.86	15.91	15.91
2.87	16.01	16.01
2.88	16.12	16.12
2.89	16.22	16.22
2.90	16.33	16.33
2.91	16.43	16.43
2.92	16.54	16.54
2.93	16.64	16.64
2.94	16.74	16.74
2.95	16.85	16.85
2.96	16.95	16.95
2.97	17.06	17.06
2.98	17.16	17.16
2.99	17.26	17.26
3.00	17.37	17.37
3.01	17.47	17.47
3.02	17.57	17.57
3.03	17.68	17.68
3.04	17.78	17.78
3.05	17.88	17.88
3.06	17.98	17.98
3.07	18.09	18.09
3.08	18.19	18.19
3.09	18.29	18.29
3.10	18.39	18.39
3.11	18.49	18.49
3.12	18.59	18.59
3.13	18.70	18.70
3.14	18.80	18.80
3.15	18.90	18.90
3.16	19.00	19.00
3.17	19.10	19.10
3.18	19.20	19.20
3.19	19.30	19.30
3.20	19.40	19.40
3.21	19.50	19.50
3.22	19.60	19.60
3.23	19.70	19.70
3.24	19.80	19.80
3.25	19.89	19.89
3.26	19.99	19.99
3.27	20.09	20.09
3.28	20.19	20.19
3.29	20.29	20.29
3.30	20.39	20.39
3.31	20.48	20.48
3.32	20.58	20.58
3.33	20.68	20.68
3.34	20.78	20.78
3.35	20.87	20.87
3.36	20.97	20.97
3.37	21.06	21.06
3.38	21.16	21.16
3.39	21.26	21.26
3.40	21.35	21.35
3.41	21.45	21.45
3.42	21.54	21.54
3.43	21.64	21.64
3.44	21.73	21.73
3.45	21.83	21.83
3.46	21.92	21.92
3.47	22.02	22.02
3.48	22.11	22.11
3.49	22.21	22.21
3.50	22.30	22.30
3.51	22.39	22.39
3.52	22.49	22.49
3.53	22.58	22.58
3.54	22.67	22.67
3.55	22.76	22.76
3.56	22.86	22.86
3.57	22.95	22.95
3.58	23.04	23.04
3.59	23.13	23.13
3.60	23.22	23.22
3.61	23.31	23.31
3.62	23.41	23.41
3.63	23.50	23.50
3.64	23.59	23.59
3.65	23.68	23.68
3.66	23.77	23.77
3.67	23.86	23.86
3.68	23.95	23.95
3.69	24.04	24.04
3.70	24.13	24.13
3.71	24.22	24.22
3.72	24.30	24.30
3.73	24.39	24.39
3.74	24.48	24.48
3.75	24.57	24.57
3.76	24.66	24.66
3.77	24.74	24.74
3.78	24.83	24.83
3.79	24.92	24.92
3.80	25.01	25.01
3.81	25.09	25.09
3.82	25.18	25.18
3.83	25.27	25.27
3.84	25.35	25.35
3.85	25.44	25.44
3.86	25.52	25.52
3.87	25.61	25.61
3.88	25.70	25.70
3.89	25.78	25.78
3.90	25.87	25.87
3.91	25.95	25.95
3.92	26.04	26.04
3.93	26.12	26.12
3.94	26.20	26.20
3.95	26.29	26.29
3.96	26.37	26.37
3.97	26.45	26.45
3.98	26.54	26.54
3.99	26.62	26.62
4.00	26.70	26.70
4.01	26.79	26.79
4.02	26.87	26.87
4.03	26.95	26.95
4.04	27.03	27.03
4.05	27.11	27.11
4.06	27.20	27.20
4.07	27.28	27.28
4.08	27.36	27.36
4.09	27.44	27.44
4.10	27.52	27.52
4.11	27.60	27.60
4.12	27.68	27.68
4.13	27.76	27.76
4.14	27.84	27.84
4.15	27.92	27.92
4.16	28.00	28.00
4.17	28.08	28.08
4.18	28.16	28.16
4.19	28.24	28.24
4.20	28.31	28.31
4.21	28.39	28.39
4.22	28.47	28.47
4.23	28.55	28.55
4.24	28.63	28.63
4.25	28.70	28.70
4.26	28.78	28.78
4.27	28.86	28.86
4.28	28.94	28.94
4.29	29.01	29.01
4.30	29.09	29.09
4.31	29.17	29.17
4.32	29.24	29.24
4.33	29.32	29.32
4.34	29.39	29.39
4.35	29.47	29.47
4.36	29.54	29.54
4.37	29.62	29.62
4.38	29.69	29.69
4.39	29.77	29.77
4.40	29.84	29.84
4.41	29.92	29.92
4.42	29.99	29.99
4.43	30.07	30.07
4.44	30.14	30.14
4.45	30.21	30.21
4.46	30.29	30.29
4.47	30.36	30.36
4.48	30.43	30.43
4.49	30.50	30.50
4.50	30.58	30.58
4.51	30.65	30.65
4.52	30.72	30.72
4.53	30.79	30.79
4.54	30.87	30.87
4.55	30.94	30.94
4.56	31.01	31.01
4.57	31.08	31.08
4.58	31.15	31.15
4.59	31.22	31.22
4.60	31.29	31.29
4.61	31.36	31.36
4.62	31.43	31.43
4.63	31.50	31.50
4.64	31.57	31.57
4.65	31.64	31.64
4.66	31.71	31.71
4.67	31.78	31.78
4.68	31.85	31.85
4.69	31.92	31.92
4.70	31.99	31.99
4.71	32.06	32.06
4.72	32.13	32.13
4.73	32.19	32.19
4.74	32.26	32.26
4.75	32.33	32.33
4.76	32.40	32.40
4.77	32.46	32.46
4.78	32.53	32.53
4.79	32.60	32.60
4.80	32.67	32.67
4.81	32.73	32.73
4.82	32.80	32.80
4.83	32.87	32.87
4.84	32.93	32.93
4.85	33.00	33.00
4.86	33.06	33.06
4.87	33.13	33.13
4.88	33.19	33.19
4.89	33.26	33.26
4.90	33.33	33.33
4.91	33.39	33.39
4.92	33.46	33.46
4.93	33.52	33.52
4.94	33.58	33.58
4.95	33.65	33.65
4.96	33.71	33.71
4.97	33.78	33.78
4.98	33.84	33.84
4.99	33.90	33.90
5.00	33.97	33.97
5.01	34.03	34.03
5.02	34.09	34.09
5.03	34.16	34.16
5.04	34.22	34.22
5.05	34.28	34.28
5.06	34.34	34.34
5.07	34.41	34.41
5.08	34.47	34.47
5.09	34.53	34.53
5.10	34.59	34.59
5.11	34.65	34.65
5.12	34.72	34.72
5.13	34.78	34.78
5.14	34.84	34.84
5.15	34.90	34.90
5.16	34.96	34.96
5.17	35.02	35.02
5.18	35.08	35.08
5.19	35.14	35.14
5.20	35.20	35.20
5.21	35.26	35.26
5.22	35.32	35.32
5.23	35.38	35.38
5.24	35.44	35.44
5.25	35.50	35.50
5.26	35.56	35.56
5.27	35.62	35.62
5.28	35.68	35.68
5.29	35.74	35.74
5.30	35.80	35.80
5.31	35.85	35.85
5.32	35.91	35.91
5.33	35.97	35.97
5.34	36.03	36.03
5.35	36.09	36.09
5.36	36.14	36.14
5.37	36.20	36.20
5.38	36.26	36.26
5.39	36.32	36.32
5.40	36.37	36.37
5.41	36.43	36.43
5.42	36.49	36.49
5.43	36.54	36.54
5.44	36.60	36.60
5.45	36.66	36.66
5.46	36.71	36.71
5.47	36.77	36.77
5.48	36.82	36.82
5.49	36.88	36.88
5.50	36.94	36.94
5.51	36.99	36.99
5.52	37.05	37.05
5.53	37.10	37.10
5.54	37.16	37.16
5.55	37.21	37.21
5.56	37.27	37.27
5.57	37.32	37.32
5.58	37.38	37.38
5.59	37.43	37.43
5.60	37.48	37.48
5.61	37.54	37.54
5.62	37.59	37.59
5.63	37.65	37.65
5.64	37.70	37.70
5.65	37.75	37.75
5.66	37.81	37.81
5.67	37.86	37.86
5.68	37.91	37.91
5.69	37.97	37.97
5.70	38.02	38.02
5.71	38.07	38.07
5.72	38.12	38.12
5.73	38.18	38.18
5.74	38.23	38.23
5.75	38.28	38.28
5.76	38.33	38.33
5.77	38.39	38.39
5.78	38.44	38.44
5.79	38.49	38.49
5.80	38.54	38.54
5.81	38.59	38.59
5.82	38.64	38.64
5.83	38.69	38.69
5.84	38.74	38.74
5.85	38.80	38.80
5.86	38.85	38.85
5.87	38.90	38.90
5.88	38.95	38.95
5.89	39.00	39.00
5.90	39.05	39.05
5.91	39.10	39.10
5.92	39.15	39.15
5.93	39.20	39.20
5.94	39.25	39.25
5.95	39.30	39.30
5.96	39.35	39.35
5.97	39.40	39.40
5.98	39.45	39.45
5.99	39.49	39.49
6.00	39.54	39.54
6.01	39.59	39.59
6.02	39.64	39.64
6.03	39.69	39.69
6.04	39.74	39.74
6.05	39.79	39.79
6.06	39.83	39.83
6.07	39.88	39.88
6.08	39.93	39.93
6.09	39.98	39.98
6.10	40.03	40.03
6.11	40.07	40.07
6.12	40.12	40.12
6.13	40.17	40.17
6.14	40.22	40.22
6.15	40.26	40.26
6.16	40.31	40.31
6.17	40.36	40.36
6.18	40.40	40.40
6.19	40.45	40.45
6.20	40.50	40.50
6.21	40.54	40.54
6.22	40.59	40.59
6.23	40.64	40.64
6.24	40.68	40.68
6.25	40.73	40.73
6.26	40.77	40.77
6.27	40.82	40.82
6.28	40.87	40.87
6.29	40.91	40.91
6.30	40.96	40.96
6.31	41.00	41.00
6.32	41.05	41.05
6.33	41.09	41.09
6.34	41.14	41.14
6.35	41.18	41.18
6.36	41.23	41.23
6.37	41.27	41.27
6.38	41.32	41.32
6.39	41.36	41.36
6.40	41.41	41.41
6.41	41.45	41.45
6.42	41.49	41.49
6.43	41.54	41.54
6.44	41.58	41.58
6.45	41.63	41.63
6.46	41.67	41.67
6.47	41.71	41.71
6.48	41.76	41.76
6.49	41.80	41.80
6.50	41.84	41.84
6.51	41.89	41.89
6.52	41.93	41.93
6.53	41.97	41.97
6.54	42.02	42.02
6.55	42.06	42.06
6.56	42.10	42.10
6.57	42.14	42.14
6.58	42.19	42.19
6.59	42.23	42.23
6.60	42.27	42.27
6.61	42.31	42.31
6.62	42.35	42.35
6.63	42.40	42.40
6.64	42.44	42.44
6.65	42.48	42.48
6.66	42.52	42.52
6.67	42.56	42.56
6.68	42.60	42.60
6.69	42.65	42.65
6.70	42.69	42.69
6.71	42.73	42.73
6.72	42.77	42.77
6.73	42.81	42.81
6.74	42.85	42.85
6.75	42.89	42.89
6.76	42.93	42.93
6.77	42.97	42.97
6.78	43.01	43.01
6.79	43.05	43.05
6.80	43.09	43.09
6.81	43.13	43.13
6.82	43.18	43.18
6.83	43.22	43.22
6.84	43.26	43.26
6.85	43.29	43.29
6.86	43.33	43.33
6.87	43.37	43.37
6.88	43.41	43.41
6.89	43.45	43.45
6.90	43.49	43.49
6.91	43.53	43.53
6.92	43.57	43.57
6.93	43.61	43.61
6.94	43.65	43.65
6.95	43.69	43.69
6.96	43.73	43.73
6.97	43.77	43.77
6.98	43.80	43.80
6.99	43.84	43.84
7.00	43.88	43.88
7.01	43.92	43.92
7.02	43.96	43.96
7.03	44.00	44.00
7.04	44.03	44.03
7.05	44.07	44.07
7.06	44.11	44.11
7.07	44.15	44.15
7.08	44.19	44.19
7.09	44.22	44.22
7.10	44.26	44.26
7.11	44.30	44.30
7.12	44.34	44.34
7.13	44.37	44.37
7.14	44.41	44.41
7.15	44.45	44.45
7.16	44.49	44.49
7.17	44.52	44.52
7.18	44.56	44.56
7.19	44.60	44.60
7.20	44.63	44.63
7.21	44.67	44.67
7.22	44.71	44.71
7.23	44.74	44.74
7.24	44.78	44.78
7.25	44.82	44.82
7.26	44.85	44.85
7.27	44.89	44.89
7.28	44.92	44.92
7.29	44.96	44.96
7.30	45.00	45.00
7.31	45.03	45.03
7.32	45.07	45.07
7.33	45.10	45.10
7.34	45.14	45.14
7.35	45.17	45.17
7.36	45.21	45.21
7.37	45.24	45.24
7.38	45.28	45.28
7.39	45.32	45.32
7.40	45.35	45.35
7.41	45.39	45.39
7.42	45.42	45.42
7.43	45.46	45.46
7.44	45.49	45.49
7.45	45.52	45.52
7.46	45.56	45.56
7.47	45.59	45.59
7.48	45.63	45.63
7.49	45.66	45.66
7.50	45.70	45.70
7.51	45.73	45.73
7.52	45.77	45.77
7.53	45.80	45.80
7.54	45.83	45.83
7.55	45.87	45.87
7.56	45.90	45.90
7.57	45.94	45.94
7.58	45.97	45.97
7.59	46.00	46.00
7.60	46.04	46.04
7.61	46.07	46.07
7.62	46.10	46.10
7.63	46.14	46.14
7.64	46.17	46.17
7.65	46.20	46.20
7.66	46.24	46.24
7.67	46.27	46.27
7.68	46.30	46.30
7.69	46.34	46.34
7.70	46.37	46.37
7.71	46.40	46.40
7.72	46.43	46.43
7.73	46.47	46.47
7.74	46.50	46.50
7.75	46.53	46.53
7.76	46.56	46.56
7.77	46.60	46.60
7.78	46.63	46.63
7.79	46.66	46.66
7.80	46.69	46.69
7.81	46.73	46.73
7.82	46.76	46.76
7.83	46.79	46.79
7.84	46.82	46.82
7.85	46.85	46.85
7.86	46.89	46.89
7.87	46.92	46.92
7.88	46.95	46.95
7.89	46.98	46.98
7.90	47.01	47.01
7.91	47.04	47.04
7.92	47.07	47.07
7.93	47.11	47.11
7.94	47.14	47.14
7.95	47.17	47.17
7.96	47.20	47.20
7.97	47.23	47.23
7.98	47.26	47.26
7.99	47.29	47.29
8.00	47.32	47.32
8.01	47.35	47.35
8.02	47.38	47.38
8.03	47.42	47.42
8.04	47.45	47.45
8.05	47.48	47.48
8.06	47.51	47.51
8.07	47.54	47.54
8.08	47.57	47.57
8.09	47.60	47.60
8.10	47.63	47.63
8.11	47.66	47.66
8.12	47.69	47.69
8.13	47.72	47.72
8.14	47.75	47.75
8.15	47.78	47.78
8.16	47.81	47.81
8.17	47.84	47.84
8.18	47.87	47.87
8.19	47.90	47.90
8.20	47.93	47.93
8.21	47.96	47.96
8.22	47.99	47.99
8.23	48.02	48.02
8.24	48.04	48.04
8.25	48.07	48.07
8.26	48.10	48.10
8.27	48.13	48.13
8.28	48.16	48.16
8.29	48.19	48.19
8.30	48.22	48.22
8.31	48.25	48.25
8.32	48.28	48.28
8.33	48.31	48.31
8.34	48.33	48.33
8.35	48.36	48.36
8.36	48.39	48.39
8.37	48.42	48.42
8.38	48.45	48.45
8.39	48.48	48.48
8.40	48.51	48.51
8.41	48.53	48.53
8.42	48.56	48.56
8.43	48.59	48.59
8.44	48.62	48.62
8.45	48.65	48.65
8.46	48.67	48.67
8.47	48.70	48.70
8.48	48.73	48.73
8.49	48.76	48.76
8.50	48.79	48.79
8.51	48.81	48.81
8.52	48.84	48.84
8.53	48.87	48.87
8.54	48.90	48.90
8.55	48.92	48.92
8.56	48.95	48.95
8.57	48.98	48.98
8.58	49.01	49.01
8.59	49.03	49.03
8.60	49.06	49.06
8.61	49.09	49.09
8.62	49.12	49.12
8.63	49.14	49.14
8.64	49.17	49.17
8.65	49.20	49.20
8.66	49.22	49.22
8.67	49.25	49.25
8.68	49.28	49.28
8.69	49.30	49.30
8.70	49.33	49.33
8.71	49.36	49.36
8.72	49.38	49.38
8.73	49.41	49.41
8.74	49.44	49.44
8.75	49.46	49.46
8.76	49.49	49.49
8.77	49.52	49.52
8.78	49.54	49.54
8.79	49.57	49.57
8.80	49.59	49.59
8.81	49.62	49.62
8.82	49.65	49.65
8.83	49.67	49.67
8.84	49.70	49.70
8.85	49.72	49.72
8.86	49.75	49.75
8.87	49.78	49.78
8.88	49.80	49.80
8.89	49.83	49.83
8.90	49.85	49.85
8.91	49.88	49.88
8.92	49.90	49.90
8.93	49.93	49.93
8.94	49.96	49.96
8.95	49.98	49.98
8.96	50.01	50.01
8.97	50.03	50.03
8.98	50.06	50.06
8.99	50.08	50.08
9.00	50.11	50.11
9.01	50.13	50.13
9.02	50.16	50.16
9.03	50.18	50.18
9.04	50.21	50.21
9.05	50.23	50.23
9.06	50.26	50.26
9.07	50.28	50.28
9.08	50.31	50.31
9.09	50.33	50.33
9.10	50.36	50.36
9.11	50.38	50.38
9.12	50.41	50.41
9.13	50.43	50.43
9.14	50.46	50.46
9.15	50.48	50.48
9.16	50.50	50.50
9.17	50.53	50.53
9.18	50.55	50.55
9.19	50.58	50.58
9.20	50.60	50.60
9.21	50.63	50.63
9.22	50.65	50.65
9.23	50.67	50.67
9.24	50.70	50.70
9.25	50.72	50.72
9.26	50.75	50.75
9.27	50.77	50.77
9.28	50.79	50.79
9.29	50.82	50.82
9.30	50.84	50.84
9.31	50.86	50.86
9.32	50.89	50.89
9.33	50.91	50.91
9.34	50.94	50.94
9.35	50.96	50.96
9.36	50.98	50.98
9.37	51.01	51.01
9.38	51.03	51.03
9.39	51.05	51.05
9.40	51.08	51.08
9.41	51.10	51.10
9.42	51.12	51.12
9.43	51.15	51.15
9.44	51.17	51.17
9.45	51.19	51.19
9.46	51.22	51.22
9.47	51.24	51.24
9.48	51.26	51.26
9.49	51.28	51.28
9.50	51.31	51.31
9.51	51.33	51.33
9.52	51.35	51.35
9.53	51.38	51.38
9.54	51.40	51.40
9.55	51.42	51.42
9.56	51.44	51.44
9.57	51.47	51.47
9.58	51.49	51.49
9.59	51.51	51.51
9.60	51.53	51.53
9.61	51.56	51.56
9.62	51.58	51.58
9.63	51.60	51.60
9.64	51.62	51.62
9.65	51.65	51.65
9.66	51.67	51.67
9.67	51.69	51.69
9.68	51.71	51.71
9.69	51.73	51.73
9.70	51.76	51.76
9.71	51.78	51.78
9.72	51.80	51.80
9.73	51.82	51.82
9.74	51.84	51.84
9.75	51.87	51.87
9.76	51.89	51.89
9.77	51.91	51.91
9.78	51.93	51.93
9.79	51.95	51.95
9.80	51.97	51.97
9.81	52.00	52.00
9.82	52.02	52.02
9.83	52.04	52.04
9.84	52.06	52.06
9.85	52.08	52.08
9.86	52.10	52.10
9.87	52.13	52.13
9.88	52.15	52.15
9.89	52.17	52.17
9.90	52.19	52.19
9.91	52.21	52.21
9.92	52.23	52.23
9.93	52.25	52.25
9.94	52.27	52.27
9.95	52.30	52.30
9.96	52.32	52.32
9.97	52.34	52.34
9.98	52.36	52.36
9.99	52.38	52.38
10.00	52.40	52.40
10.01	52.42	52.42
10.02	52.44	52.44
10.03	52.46	52.46
10.04	52.48	52.48
10.05	52.50	52.50
10.06	52.52	52.52
10.07	52.55	52.55
10.08	52.57	52.57
10.09	52.59	52.59
10.10	52.61	52.61
10.11	52.63	52.63
10.12	52.65	52.65
10.13	52.67	52.67
10.14	52.69	52.69
10.15	52.71	52.71
10.16	52.73	52.73
10.17	52.75	52.75
10.18	52.77	52.77
10.19	52.79	52.79
10.20	52.81	52.81
10.21	52.83	52.83
10.22	52.85	52.85
10.23	52.87	52.87
10.24	52.89	52.89
10.25	52.91	52.91
10.26	52.93	52.93
10.27	52.95	52.95
10.28	52.97	52.97
10.29	52.99	52.99
10.30	53.01	53.01
10.31	53.03	53.03
10.32	53.05	53.05
10.33	53.07	53.07
10.34	53.09	53.09
10.35	53.11	53.11
10.36	53.13	53.13
10.37	53.15	53.15
10.38	53.17	53.17
10.39	53.19	53.19
10.40	53.21	53.21
10.41	53.23	53.23
10.42	53.25	53.25
10.43	53.26	53.26
10.44	53.28	53.28
10.45	53.30	53.30
10.46	53.32	53.32
10.47	53.34	53.34
10.48	53.36	53.36
10.49	53.38	53.38
10.50	53.40	53.40
10.51	53.42	53.42
10.52	53.44	53.44
10.53	53.46	53.46
10.54	53.48	53.48
10.55	53.49	53.49
10.56	53.51	53.51
10.57	53.53	53.53
10.58	53.55	53.55
10.59	53.57	53.57
10.60	53.59	53.59
10.61	53.61	53.61
10.62	53.63	53.63
10.63	53.65	53.65
10.64	53.66	53.66
10.65	53.68	53.68
10.66	53.70	53.70
10.67	53.72	53.72
10.68	53.74	53.74
10.69	53.76	53.76
10.70	53.78	53.78
10.71	53.79	53.79
10.72	53.81	53.81
10.73	53.83	53.83
10.74	53.85	53.85
10.75	53.87	53.87
10.76	53.89	53.89
10.77	53.90	53.90
10.78	53.92	53.92
10.79	53.94	53.94
10.80	53.96	53.96
10.81	53.98	53.98
10.82	54.00	54.00
10.83	54.01	54.01
10.84	54.03	54.03
10.85	54.05	54.05
10.86	54.07	54.07
10.87	54.09	54.09
10.88	54.10	54.10
10.89	54.12	54.12
10.90	54.14	54.14
10.91	54.16	54.16
10.92	54.17	54.17
10.93	54.19	54.19
10.94	54.21	54.21
10.95	54.23	54.23
10.96	54.25	54.25
10.97	54.26	54.26
10.98	54.28	54.28
10.99	54.30	54.30
11.00	54.32	54.32
11.01	54.33	54.33
11.02	54.35	54.35
11.03	54.37	54.37
11.04	54.39	54.39
11.05	54.40	54.40
11.06	54.42	54.42
11.07	54.44	54.44
11.08	54.46	54.46
11.09	54.47	54.47
11.10	54.49	54.49
11.11	54.51	54.51
11.12	54.53	54.53
11.13	54.54	54.54
11.14	54.56	54.56
11.15	54.58	54.58
11.16	54.59	54.59
11.17	54.61	54.61
11.18	54.63	54.63
11.19	54.65	54.65
11.20	54.66	54.66
11.21	54.68	54.68
11.22	54.70	54.70
11.23	54.71	54.71
11.24	54.73	54.73
11.25	54.75	54.75
11.26	54.76	54.76
11.27	54.78	54.78
11.28	54.80	54.80
11.29	54.81	54.81
11.30	54.83	54.83
11.31	54.85	54.85
11.32	54.86	54.86
11.33	54.88	54.88
11.34	54.90	54.90
11.35	54.91	54.91
11.36	54.93	54.93
11.37	54.95	54.95
11.38	54.96	54.96
11.39	54.98	54.98
11.40	55.00	55.00
11.41	55.01	55.01
11.42	55.03	55.03
11.43	55.05	55.05
11.44	55.06	55.06
11.45	55.08	55.08
11.46	55.10	55.10
11.47	55.11	55.11
11.48	55.13	55.13
11.49	55.14	55.14
11.50	55.16	55.16
11.51	55.18	55.18
11.52	55.19	55.19
11.53	55.21	55.21
11.54	55.23	55.23
11.55	55.24	55.24
11.56	55.26	55.26
11.57	55.27	55.27
11.58	55.29	55.29
11.59	55.31	55.31
11.60	55.32	55.32
11.61	55.34	55.34
11.62	55.35	55.35
11.63	55.37	55.37
11.64	55.39	55.39
11.65	55.40	55.40
11.66	55.42	55.42
11.67	55.43	55.43
11.68	55.45	55.45
11.69	55.46	55.46
11.70	55.48	55.48
11.71	55.50	55.50
11.72	55.51	55.51
11.73	55.53	55.53
11.74	55.54	55.54
11.75	55.56	55.56
11.76	55.57	55.57
11.77	55.59	55.59
11.78	55.61	55.61
11.79	55.62	55.62
11.80	55.64	55.64
11.81	55.65	55.65
11.82	55.67	55.67
11.83	55.68	55.68
11.84	55.70	55.70
11.85	55.71	55.71
11.86	55.73	55.73
11.87	55.74	55.74
11.88	55.76	55.76
11.89	55.77	55.77
11.90	55.79	55.79
11.91	55.80	55.80
11.92	55.82	55.82
11.93	55.84	55.84
11.94	55.85	55.85
11.95	55.87	55.87
11.96	55.88	55.88
11.97	55.90	55.90
11.98	55.91	55.91
11.99	55.93	55.93
12.00	55.94	55.94
12.01	55.96	55.96
12.02	55.97	55.97
12.03	55.99	55.99
12.04	56.00	56.00
12.05	56.02	56.02
12.06	56.03	56.03
12.07	56.05	56.05
12.08	56.06	56.06
12.09	56.07	56.07
12.10	56.09	56.09
12.11	56.10	56.10
12.12	56.12	56.12
12.13	56.13	56.13
12.14	56.15	56.15
12.15	56.16	56.16
12.16	56.18	56.18
12.17	56.19	56.19
12.18	56.21	56.21
12.19	56.22	56.22
12.20	56.24	56.24
12.21	56.25	56.25
12.22	56.27	56.27
12.23	56.28	56.28
12.24	56.29	56.29
12.25	56.31	56.31
12.26	56.32	56.32
12.27	56.34	56.34
12.28	56.35	56.35
12.29	56.37	56.37
12.30	56.38	56.38
