Wavelength(micron)	Fp/F*(High albedo_specular ppm)	Fp/F*(High albedo_Lambert ppm)
0.30	1.76	4.39
0.31	1.62	4.04
0.32	1.50	3.75
0.33	1.43	3.57
0.34	1.41	3.50
0.35	1.42	3.54
0.36	1.45	3.61
0.37	1.44	3.58
0.38	1.38	3.44
0.39	1.30	3.21
0.40	1.21	2.99
0.41	1.14	2.82
0.42	1.10	2.70
0.43	1.08	2.64
0.44	1.06	2.56
0.45	1.04	2.51
0.46	1.03	2.46
0.47	1.01	2.41
0.48	1.00	2.35
0.49	0.99	2.30
0.50	1.00	2.31
0.51	1.03	2.36
0.52	1.06	2.42
0.53	1.10	2.47
0.54	1.14	2.53
0.55	1.17	2.59
0.56	1.21	2.65
0.57	1.26	2.72
0.58	1.30	2.78
0.59	1.34	2.85
0.60	1.39	2.92
0.61	1.44	2.99
0.62	1.49	3.06
0.63	1.54	3.14
0.64	1.60	3.21
0.65	1.66	3.29
0.66	1.71	3.37
0.67	1.78	3.45
0.68	1.84	3.54
0.69	1.90	3.63
0.70	1.97	3.71
0.71	2.04	3.80
0.72	2.11	3.90
0.73	2.18	3.99
0.74	2.25	4.09
0.75	2.33	4.18
0.76	2.41	4.28
0.77	2.48	4.38
0.78	2.57	4.49
0.79	2.65	4.59
0.80	2.73	4.70
0.81	2.82	4.80
0.82	2.91	4.91
0.83	2.99	5.02
0.84	3.08	5.13
0.85	3.18	5.25
0.86	3.27	5.36
0.87	3.36	5.48
0.88	3.46	5.60
0.89	3.55	5.71
0.90	3.65	5.83
0.91	3.75	5.95
0.92	3.85	6.08
0.93	3.95	6.20
0.94	4.05	6.32
0.95	4.16	6.45
0.96	4.26	6.57
0.97	4.36	6.70
0.98	4.47	6.82
0.99	4.57	6.95
1.00	4.68	7.08
1.01	4.79	7.21
1.02	4.89	7.34
1.03	5.00	7.47
1.04	5.11	7.60
1.05	5.22	7.73
1.06	5.33	7.86
1.07	5.43	7.99
1.08	5.54	8.12
1.09	5.65	8.25
1.10	5.76	8.38
1.11	5.87	8.51
1.12	5.98	8.64
1.13	6.09	8.77
1.14	6.20	8.91
1.15	6.31	9.04
1.16	6.42	9.17
1.17	6.53	9.30
1.18	6.63	9.43
1.19	6.74	9.56
1.20	6.85	9.69
1.21	6.96	9.82
1.22	7.06	9.94
1.23	7.17	10.07
1.24	7.27	10.20
1.25	7.38	10.33
1.26	7.48	10.45
1.27	7.58	10.58
1.28	7.67	10.71
1.29	7.75	10.84
1.30	7.83	10.97
1.31	7.93	11.09
1.32	8.03	11.21
1.33	8.13	11.33
1.34	8.23	11.45
1.35	8.34	11.56
1.36	8.44	11.68
1.37	8.54	11.79
1.38	8.63	11.91
1.39	8.73	12.02
1.40	8.82	12.14
1.41	8.90	12.25
1.42	8.98	12.36
1.43	9.05	12.47
1.44	9.13	12.57
1.45	9.20	12.68
1.46	9.27	12.78
1.47	9.34	12.88
1.48	9.40	12.98
1.49	9.46	13.08
1.50	9.53	13.17
1.51	9.59	13.26
1.52	9.66	13.36
1.53	9.73	13.45
1.54	9.81	13.55
1.55	9.89	13.64
1.56	9.96	13.74
1.57	10.03	13.83
1.58	10.11	13.92
1.59	10.18	14.01
1.60	10.25	14.10
1.61	10.31	14.18
1.62	10.36	14.26
1.63	10.41	14.34
1.64	10.46	14.41
1.65	10.51	14.49
1.66	10.56	14.56
1.67	10.61	14.63
1.68	10.66	14.71
1.69	10.72	14.79
1.70	10.78	14.86
1.71	10.84	14.94
1.72	10.90	15.01
1.73	10.95	15.09
1.74	11.01	15.16
1.75	11.06	15.23
1.76	11.11	15.30
1.77	11.16	15.36
1.78	11.21	15.43
1.79	11.26	15.50
1.80	11.32	15.57
1.81	11.37	15.64
1.82	11.42	15.70
1.83	11.48	15.77
1.84	11.53	15.83
1.85	11.58	15.90
1.86	11.62	15.96
1.87	11.67	16.02
1.88	11.72	16.08
1.89	11.76	16.14
1.90	11.81	16.20
1.91	11.85	16.26
1.92	11.90	16.31
1.93	11.94	16.37
1.94	11.98	16.43
1.95	12.03	16.48
1.96	12.07	16.54
1.97	12.12	16.60
1.98	12.17	16.65
1.99	12.21	16.71
2.00	12.25	16.76
2.01	12.29	16.82
2.02	12.34	16.87
2.03	12.38	16.92
2.04	12.42	16.97
2.05	12.46	17.02
2.06	12.49	17.07
2.07	12.53	17.12
2.08	12.57	17.17
2.09	12.60	17.21
2.10	12.64	17.26
2.11	12.67	17.31
2.12	12.72	17.36
2.13	12.76	17.41
2.14	12.80	17.46
2.15	12.84	17.50
2.16	12.88	17.55
2.17	12.92	17.60
2.18	12.96	17.65
2.19	13.00	17.69
2.20	13.03	17.74
2.21	13.07	17.78
2.22	13.11	17.83
2.23	13.14	17.87
2.24	13.18	17.91
2.25	13.21	17.96
2.26	13.24	18.00
2.27	13.28	18.04
2.28	13.31	18.08
2.29	13.34	18.12
2.30	13.37	18.16
2.31	13.40	18.20
2.32	13.43	18.23
2.33	13.47	18.28
2.34	13.51	18.32
2.35	13.55	18.37
2.36	13.59	18.41
2.37	13.62	18.45
2.38	13.66	18.50
2.39	13.70	18.54
2.40	13.74	18.58
2.41	13.77	18.62
2.42	13.81	18.66
2.43	13.84	18.70
2.44	13.88	18.74
2.45	13.91	18.78
2.46	13.94	18.82
2.47	13.98	18.86
2.48	14.01	18.90
2.49	14.04	18.93
2.50	14.07	18.97
2.51	14.10	19.01
2.52	14.14	19.04
2.53	14.17	19.08
2.54	14.20	19.11
2.55	14.23	19.15
2.56	14.30	19.22
2.57	14.38	19.29
2.58	14.45	19.36
2.59	14.53	19.43
2.60	14.60	19.50
2.61	14.68	19.57
2.62	14.76	19.64
2.63	14.83	19.71
2.64	14.91	19.78
2.65	14.98	19.85
2.66	15.06	19.92
2.67	15.13	19.99
2.68	15.21	20.06
2.69	15.28	20.13
2.70	15.36	20.20
2.71	15.43	20.27
2.72	15.50	20.33
2.73	15.56	20.40
2.74	15.63	20.46
2.75	15.69	20.52
2.76	15.76	20.58
2.77	15.82	20.64
2.78	15.89	20.70
2.79	15.95	20.77
2.80	16.02	20.83
2.81	16.08	20.89
2.82	16.15	20.95
2.83	16.21	21.01
2.84	16.27	21.07
2.85	16.34	21.13
2.86	16.40	21.19
2.87	16.47	21.25
2.88	16.53	21.32
2.89	16.59	21.38
2.90	16.66	21.44
2.91	16.72	21.50
2.92	16.79	21.56
2.93	16.85	21.62
2.94	16.91	21.68
2.95	16.98	21.74
2.96	17.04	21.80
2.97	17.10	21.86
2.98	17.17	21.92
2.99	17.23	21.98
3.00	17.29	22.04
3.01	17.36	22.10
3.02	17.42	22.16
3.03	17.48	22.22
3.04	17.54	22.28
3.05	17.61	22.34
3.06	17.67	22.40
3.07	17.73	22.46
3.08	17.79	22.52
3.09	17.86	22.58
3.10	17.92	22.64
3.11	17.98	22.70
3.12	18.04	22.76
3.13	18.11	22.81
3.14	18.17	22.87
3.15	18.23	22.93
3.16	18.29	22.99
3.17	18.35	23.05
3.18	18.42	23.11
3.19	18.48	23.17
3.20	18.54	23.23
3.21	18.60	23.29
3.22	18.66	23.34
3.23	18.73	23.40
3.24	18.78	23.45
3.25	18.80	23.48
3.26	18.83	23.51
3.27	18.85	23.54
3.28	18.87	23.56
3.29	18.90	23.59
3.30	18.92	23.62
3.31	18.94	23.64
3.32	18.97	23.67
3.33	18.99	23.69
3.34	19.01	23.72
3.35	19.03	23.74
3.36	19.05	23.77
3.37	19.07	23.79
3.38	19.09	23.82
3.39	19.11	23.84
3.40	19.13	23.86
3.41	19.15	23.89
3.42	19.17	23.91
3.43	19.19	23.93
3.44	19.27	24.00
3.45	19.34	24.07
3.46	19.41	24.14
3.47	19.49	24.21
3.48	19.56	24.27
3.49	19.64	24.34
3.50	19.71	24.41
3.51	19.79	24.48
3.52	19.86	24.55
3.53	19.94	24.62
3.54	20.01	24.69
3.55	20.09	24.76
3.56	20.16	24.82
3.57	20.24	24.89
3.58	20.31	24.96
3.59	20.38	25.03
3.60	20.46	25.10
3.61	20.53	25.17
3.62	20.61	25.24
3.63	20.68	25.31
3.64	20.76	25.38
3.65	20.91	25.51
3.66	21.07	25.65
3.67	21.22	25.78
3.68	21.37	25.92
3.69	21.53	26.06
3.70	21.68	26.19
3.71	21.84	26.33
3.72	22.00	26.47
3.73	22.15	26.61
3.74	22.31	26.75
3.75	22.47	26.89
3.76	22.66	27.06
3.77	22.90	27.26
3.78	23.13	27.47
3.79	23.37	27.67
3.80	23.60	27.88
3.81	23.84	28.09
3.82	24.08	28.30
3.83	24.32	28.51
3.84	24.58	28.74
3.85	24.85	28.97
3.86	25.12	29.21
3.87	25.40	29.45
3.88	25.67	29.69
3.89	25.94	29.93
3.90	26.22	30.17
3.91	26.50	30.41
3.92	26.79	30.67
3.93	27.08	30.93
3.94	27.38	31.18
3.95	27.67	31.44
3.96	27.97	31.70
3.97	28.26	31.96
3.98	28.56	32.22
3.99	28.86	32.48
4.00	29.15	32.74
4.01	29.44	33.00
4.02	29.74	33.25
4.03	30.03	33.51
4.04	30.33	33.77
4.05	30.62	34.03
4.06	30.92	34.29
4.07	31.22	34.56
4.08	31.52	34.82
4.09	31.82	35.09
4.10	32.12	35.36
4.11	32.43	35.62
4.12	32.73	35.89
4.13	33.04	36.16
4.14	33.36	36.45
4.15	33.73	36.77
4.16	34.11	37.10
4.17	34.49	37.44
4.18	34.89	37.79
4.19	35.34	38.18
4.20	35.80	38.58
4.21	36.25	38.98
4.22	36.69	39.37
4.23	37.11	39.74
4.24	37.54	40.11
4.25	37.96	40.49
4.26	38.39	40.86
4.27	38.77	41.20
4.28	39.15	41.53
4.29	39.53	41.87
4.30	39.91	42.20
4.31	40.29	42.54
4.32	40.77	42.96
4.33	41.46	43.57
4.34	42.19	44.20
4.35	43.13	45.03
4.36	44.08	45.85
4.37	45.09	46.74
4.38	46.37	47.85
4.39	47.33	48.69
4.40	47.53	48.87
4.41	47.72	49.05
4.42	47.92	49.23
4.43	48.12	49.41
4.44	48.32	49.59
4.45	48.52	49.77
4.46	48.71	49.95
4.47	48.91	50.13
4.48	49.14	50.34
4.49	49.40	50.57
4.50	49.66	50.81
4.51	49.92	51.04
4.52	50.18	51.28
4.53	50.45	51.51
4.54	50.71	51.75
4.55	50.97	51.99
4.56	51.23	52.22
4.57	51.80	52.72
4.58	52.37	53.22
4.59	52.94	53.73
4.60	53.51	54.23
4.61	53.76	54.46
4.62	53.97	54.65
4.63	54.18	54.85
4.64	54.40	55.04
4.65	54.61	55.24
4.66	54.83	55.43
4.67	55.04	55.63
4.68	55.26	55.82
4.69	55.47	56.02
4.70	55.63	56.17
4.71	55.76	56.29
4.72	55.88	56.40
4.73	56.01	56.52
4.74	56.13	56.64
4.75	56.26	56.76
4.76	56.38	56.87
4.77	56.51	56.99
4.78	56.63	57.11
4.79	56.75	57.22
4.80	56.88	57.34
4.81	57.00	57.46
4.82	57.13	57.57
4.83	57.25	57.69
4.84	57.37	57.81
4.85	57.50	57.92
4.86	57.62	58.04
4.87	57.74	58.15
4.88	57.87	58.27
4.89	57.97	58.37
4.90	58.07	58.46
4.91	58.16	58.55
4.92	58.25	58.63
4.93	58.34	58.72
4.94	58.43	58.81
4.95	58.52	58.90
4.96	58.61	58.98
4.97	58.70	59.07
4.98	58.79	59.16
4.99	58.88	59.24
5.00	58.97	59.33
5.01	59.06	59.42
5.02	59.15	59.50
5.03	59.24	59.59
5.04	59.33	59.67
5.05	59.42	59.76
5.06	59.50	59.84
5.07	59.59	59.93
5.08	59.68	60.01
5.09	59.77	60.10
5.10	59.86	60.18
5.11	59.95	60.27
5.12	60.03	60.35
5.13	60.10	60.42
5.14	60.17	60.49
5.15	60.24	60.55
5.16	60.31	60.62
5.17	60.38	60.69
5.18	60.45	60.76
5.19	60.52	60.83
5.20	60.59	60.90
5.21	60.66	60.97
5.22	60.73	61.04
5.23	60.80	61.10
5.24	60.87	61.17
5.25	60.94	61.24
5.26	61.01	61.31
5.27	61.07	61.37
5.28	61.14	61.44
5.29	61.21	61.51
5.30	61.28	61.58
5.31	61.35	61.64
5.32	61.42	61.71
5.33	61.49	61.78
5.34	61.57	61.85
5.35	61.64	61.93
5.36	61.72	62.00
5.37	61.80	62.08
5.38	61.88	62.15
5.39	61.95	62.23
5.40	62.03	62.30
5.41	62.11	62.38
5.42	62.19	62.45
5.43	62.26	62.53
5.44	62.34	62.60
5.45	62.42	62.68
5.46	62.49	62.75
5.47	62.57	62.82
5.48	62.64	62.90
5.49	62.72	62.97
5.50	62.79	63.04
5.51	62.87	63.11
5.52	62.94	63.19
5.53	63.02	63.26
5.54	63.09	63.33
5.55	63.17	63.40
5.56	63.24	63.47
5.57	63.32	63.54
5.58	63.39	63.62
5.59	63.46	63.69
5.60	63.54	63.76
5.61	63.61	63.83
5.62	63.68	63.90
5.63	63.76	63.97
5.64	63.83	64.04
5.65	63.90	64.11
5.66	63.98	64.18
5.67	64.05	64.25
5.68	64.12	64.32
5.69	64.19	64.39
5.70	64.24	64.44
5.71	64.30	64.49
5.72	64.35	64.55
5.73	64.40	64.60
5.74	64.45	64.65
5.75	64.50	64.70
5.76	64.55	64.75
5.77	64.60	64.80
5.78	64.65	64.85
5.79	64.70	64.90
5.80	64.75	64.95
5.81	64.80	64.99
5.82	64.84	65.04
5.83	64.89	65.09
5.84	64.94	65.14
5.85	64.99	65.19
5.86	65.04	65.24
5.87	65.09	65.29
5.88	65.14	65.34
5.89	65.18	65.38
5.90	65.23	65.43
5.91	65.28	65.48
5.92	65.33	65.53
5.93	65.38	65.58
5.94	65.44	65.64
5.95	65.50	65.69
5.96	65.55	65.75
5.97	65.61	65.80
5.98	65.66	65.85
5.99	65.72	65.91
6.00	65.77	65.96
6.01	65.83	66.02
6.02	65.88	66.07
6.03	65.93	66.12
6.04	65.99	66.18
6.05	66.04	66.23
6.06	66.10	66.28
6.07	66.15	66.34
6.08	66.20	66.39
6.09	66.26	66.44
6.10	66.31	66.49
6.11	66.37	66.55
6.12	66.42	66.60
6.13	66.47	66.65
6.14	66.53	66.70
6.15	66.58	66.76
6.16	66.62	66.80
6.17	66.67	66.84
6.18	66.71	66.89
6.19	66.75	66.93
6.20	66.80	66.98
6.21	66.84	67.02
6.22	66.89	67.06
6.23	66.93	67.11
6.24	66.97	67.15
6.25	67.02	67.20
6.26	67.06	67.24
6.27	67.10	67.28
6.28	67.15	67.32
6.29	67.19	67.37
6.30	67.23	67.41
6.31	67.28	67.45
6.32	67.32	67.50
6.33	67.36	67.54
6.34	67.40	67.58
6.35	67.44	67.62
6.36	67.49	67.66
6.37	67.53	67.71
6.38	67.57	67.75
6.39	67.62	67.80
6.40	67.67	67.85
6.41	67.72	67.90
6.42	67.77	67.95
6.43	67.82	67.99
6.44	67.87	68.04
6.45	67.92	68.09
6.46	67.97	68.14
6.47	68.02	68.19
6.48	68.07	68.24
6.49	68.12	68.29
6.50	68.17	68.33
6.51	68.22	68.38
6.52	68.26	68.43
6.53	68.31	68.48
6.54	68.36	68.52
6.55	68.41	68.57
6.56	68.46	68.62
6.57	68.51	68.67
6.58	68.56	68.71
6.59	68.60	68.76
6.60	68.65	68.81
6.61	68.70	68.86
6.62	68.75	68.90
6.63	68.79	68.95
6.64	68.84	69.00
6.65	68.89	69.04
6.66	68.94	69.09
6.67	68.98	69.14
6.68	69.03	69.18
6.69	69.08	69.23
6.70	69.13	69.27
6.71	69.17	69.32
6.72	69.22	69.37
6.73	69.27	69.41
6.74	69.31	69.46
6.75	69.36	69.50
6.76	69.41	69.55
6.77	69.45	69.59
6.78	69.50	69.64
6.79	69.55	69.69
6.80	69.59	69.73
6.81	69.64	69.78
6.82	69.68	69.82
6.83	69.73	69.87
6.84	69.78	69.91
6.85	69.82	69.96
6.86	69.87	70.00
6.87	69.91	70.04
6.88	69.96	70.09
6.89	70.00	70.13
6.90	70.05	70.18
6.91	70.09	70.22
6.92	70.14	70.27
6.93	70.18	70.31
6.94	70.23	70.35
6.95	70.27	70.40
6.96	70.32	70.44
6.97	70.36	70.49
6.98	70.41	70.53
6.99	70.45	70.57
7.00	70.50	70.62
7.01	70.54	70.66
7.02	70.58	70.70
7.03	70.63	70.75
7.04	70.67	70.79
7.05	70.72	70.83
7.06	70.76	70.88
7.07	70.80	70.92
7.08	70.84	70.96
7.09	70.89	71.00
7.10	70.93	71.04
7.11	70.97	71.08
7.12	71.01	71.12
7.13	71.05	71.16
7.14	71.09	71.20
7.15	71.13	71.24
7.16	71.17	71.28
7.17	71.21	71.32
7.18	71.25	71.35
7.19	71.29	71.39
7.20	71.33	71.43
7.21	71.37	71.47
7.22	71.41	71.51
7.23	71.45	71.55
7.24	71.49	71.59
7.25	71.53	71.63
7.26	71.56	71.67
7.27	71.60	71.71
7.28	71.64	71.74
7.29	71.68	71.78
7.30	71.72	71.82
7.31	71.77	71.87
7.32	71.81	71.91
7.33	71.86	71.95
7.34	71.90	72.00
7.35	71.95	72.04
7.36	71.99	72.08
7.37	72.03	72.13
7.38	72.08	72.17
7.39	72.12	72.21
7.40	72.17	72.25
7.41	72.21	72.30
7.42	72.26	72.34
7.43	72.30	72.38
7.44	72.34	72.43
7.45	72.39	72.47
7.46	72.43	72.51
7.47	72.48	72.55
7.48	72.52	72.60
7.49	72.56	72.64
7.50	72.61	72.68
7.51	72.65	72.72
7.52	72.69	72.77
7.53	72.74	72.81
7.54	72.78	72.85
7.55	72.82	72.89
7.56	72.87	72.93
7.57	72.91	72.98
7.58	72.96	73.02
7.59	73.00	73.06
7.60	73.04	73.10
7.61	73.09	73.15
7.62	73.13	73.19
7.63	73.17	73.23
7.64	73.22	73.27
7.65	73.26	73.31
7.66	73.30	73.36
7.67	73.35	73.40
7.68	73.39	73.44
7.69	73.43	73.48
7.70	73.47	73.52
7.71	73.52	73.56
7.72	73.56	73.61
7.73	73.60	73.65
7.74	73.65	73.69
7.75	73.69	73.73
7.76	73.73	73.77
7.77	73.78	73.82
7.78	73.82	73.86
7.79	73.86	73.90
7.80	73.91	73.94
7.81	73.95	73.99
7.82	74.00	74.03
7.83	74.04	74.07
7.84	74.08	74.11
7.85	74.13	74.16
7.86	74.17	74.20
7.87	74.22	74.24
7.88	74.26	74.28
7.89	74.30	74.32
7.90	74.35	74.37
7.91	74.39	74.41
7.92	74.43	74.45
7.93	74.48	74.49
7.94	74.52	74.53
7.95	74.56	74.57
7.96	74.60	74.62
7.97	74.65	74.66
7.98	74.69	74.70
7.99	74.73	74.74
8.00	74.77	74.77
8.01	74.80	74.81
8.02	74.83	74.84
8.03	74.87	74.87
8.04	74.90	74.91
8.05	74.94	74.94
8.06	74.97	74.97
8.07	75.00	75.01
8.08	75.04	75.04
8.09	75.07	75.07
8.10	75.11	75.11
8.11	75.14	75.14
8.12	75.17	75.17
8.13	75.21	75.21
8.14	75.24	75.24
8.15	75.27	75.27
8.16	75.31	75.30
8.17	75.34	75.34
8.18	75.37	75.37
8.19	75.41	75.40
8.20	75.44	75.43
8.21	75.47	75.47
8.22	75.49	75.49
8.23	75.49	75.49
8.24	75.48	75.48
8.25	75.47	75.48
8.26	75.47	75.47
8.27	75.46	75.47
8.28	75.45	75.47
8.29	75.45	75.46
8.30	75.44	75.46
8.31	75.43	75.46
8.32	75.42	75.45
8.33	75.42	75.45
8.34	75.41	75.44
8.35	75.40	75.44
8.36	75.39	75.43
8.37	75.38	75.43
8.38	75.38	75.42
8.39	75.37	75.42
8.40	75.36	75.41
8.41	75.35	75.41
8.42	75.34	75.40
8.43	75.33	75.40
8.44	75.33	75.39
8.45	75.32	75.39
8.46	75.31	75.38
8.47	75.29	75.37
8.48	75.17	75.26
8.49	75.05	75.16
8.50	74.93	75.06
8.51	74.81	74.95
8.52	74.70	74.85
8.53	74.58	74.74
8.54	74.46	74.64
8.55	74.34	74.53
8.56	74.22	74.43
8.57	74.10	74.32
8.58	73.98	74.21
8.59	73.86	74.11
8.60	73.74	74.00
8.61	73.62	73.90
8.62	73.50	73.79
8.63	73.38	73.68
8.64	73.26	73.58
8.65	73.15	73.49
8.66	73.05	73.39
8.67	72.94	73.30
8.68	72.84	73.21
8.69	72.73	73.12
8.70	72.62	73.02
8.71	72.52	72.93
8.72	72.41	72.84
8.73	72.31	72.74
8.74	72.20	72.65
8.75	72.09	72.56
8.76	71.99	72.46
8.77	71.88	72.37
8.78	71.76	72.27
8.79	71.65	72.16
8.80	71.53	72.06
8.81	71.41	71.95
8.82	71.29	71.85
8.83	71.17	71.74
8.84	71.05	71.64
8.85	70.94	71.53
8.86	70.82	71.43
8.87	70.70	71.32
8.88	70.58	71.22
8.89	70.46	71.11
8.90	70.34	71.01
8.91	70.22	70.91
8.92	70.12	70.81
8.93	70.01	70.71
8.94	69.90	70.62
8.95	69.79	70.52
8.96	69.68	70.42
8.97	69.57	70.33
8.98	69.46	70.23
8.99	69.35	70.13
9.00	69.24	70.04
9.01	69.13	69.94
9.02	69.02	69.84
9.03	68.91	69.74
9.04	68.80	69.65
9.05	68.70	69.55
9.06	68.59	69.46
9.07	68.49	69.37
9.08	68.38	69.28
9.09	68.28	69.19
9.10	68.17	69.09
9.11	68.07	69.00
9.12	67.96	68.91
9.13	67.86	68.81
9.14	67.75	68.72
9.15	67.65	68.63
9.16	67.54	68.53
9.17	67.44	68.44
9.18	67.33	68.35
9.19	67.22	68.25
9.20	67.11	68.15
9.21	67.00	68.05
9.22	66.89	67.95
9.23	66.78	67.86
9.24	66.67	67.76
9.25	66.56	67.66
9.26	66.44	67.56
9.27	66.33	67.46
9.28	66.22	67.36
9.29	66.11	67.27
9.30	66.00	67.17
9.31	65.89	67.07
9.32	65.78	66.97
9.33	65.67	66.87
9.34	65.56	66.78
9.35	65.45	66.68
9.36	65.34	66.59
9.37	65.24	66.49
9.38	65.13	66.39
9.39	65.02	66.30
9.40	64.91	66.20
9.41	64.81	66.11
9.42	64.70	66.01
9.43	64.59	65.92
9.44	64.48	65.82
9.45	64.37	65.72
9.46	64.27	65.63
9.47	64.16	65.53
9.48	64.05	65.43
9.49	63.96	65.35
9.50	63.87	65.27
9.51	63.77	65.19
9.52	63.68	65.11
9.53	63.59	65.03
9.54	63.50	64.95
9.55	63.41	64.87
9.56	63.32	64.79
9.57	63.23	64.71
9.58	63.14	64.63
9.59	63.05	64.55
9.60	62.95	64.46
9.61	62.86	64.38
9.62	62.77	64.30
9.63	62.68	64.22
9.64	62.59	64.14
9.65	62.49	64.06
9.66	62.44	64.01
9.67	62.39	63.97
9.68	62.35	63.93
9.69	62.30	63.89
9.70	62.26	63.85
9.71	62.21	63.81
9.72	62.17	63.77
9.73	62.13	63.73
9.74	62.08	63.70
9.75	62.04	63.66
9.76	61.99	63.62
9.77	61.95	63.58
9.78	61.90	63.54
9.79	61.86	63.50
9.80	61.81	63.46
9.81	61.77	63.42
9.82	61.72	63.38
9.83	61.68	63.34
9.84	61.63	63.30
9.85	61.59	63.26
9.86	61.54	63.22
9.87	61.53	63.21
9.88	61.54	63.22
9.89	61.54	63.23
9.90	61.55	63.24
9.91	61.56	63.25
9.92	61.57	63.26
9.93	61.57	63.27
9.94	61.58	63.27
9.95	61.59	63.28
9.96	61.60	63.29
9.97	61.61	63.30
9.98	61.61	63.31
9.99	61.62	63.32
10.00	61.63	63.32
10.01	61.64	63.33
10.02	61.64	63.34
10.03	61.65	63.35
10.04	61.66	63.36
10.05	61.67	63.36
10.06	61.67	63.37
10.07	61.68	63.38
10.08	61.69	63.39
10.09	61.70	63.40
10.10	61.73	63.43
10.11	61.78	63.48
10.12	61.84	63.53
10.13	61.89	63.58
10.14	61.94	63.63
10.15	62.00	63.68
10.16	62.05	63.73
10.17	62.10	63.77
10.18	62.16	63.82
10.19	62.21	63.87
10.20	62.26	63.92
10.21	62.31	63.97
10.22	62.37	64.02
10.23	62.42	64.07
10.24	62.47	64.12
10.25	62.53	64.17
10.26	62.58	64.22
10.27	62.63	64.27
10.28	62.69	64.32
10.29	62.74	64.37
10.30	62.79	64.41
10.31	62.84	64.46
10.32	62.90	64.51
10.33	62.97	64.58
10.34	63.05	64.65
10.35	63.13	64.72
10.36	63.20	64.80
10.37	63.28	64.87
10.38	63.36	64.94
10.39	63.44	65.02
10.40	63.52	65.09
10.41	63.60	65.16
10.42	63.68	65.23
10.43	63.76	65.31
10.44	63.84	65.38
10.45	63.92	65.45
10.46	63.99	65.52
10.47	64.07	65.60
10.48	64.15	65.67
10.49	64.23	65.74
10.50	64.31	65.82
10.51	64.39	65.89
10.52	64.47	65.96
10.53	64.55	66.03
10.54	64.63	66.11
10.55	64.71	66.18
10.56	64.79	66.26
10.57	64.89	66.35
10.58	64.98	66.43
10.59	65.07	66.52
10.60	65.16	66.60
10.61	65.25	66.69
10.62	65.35	66.77
10.63	65.44	66.85
10.64	65.53	66.94
10.65	65.62	67.02
10.66	65.72	67.11
10.67	65.81	67.19
10.68	65.90	67.28
10.69	65.99	67.36
10.70	66.09	67.45
10.71	66.18	67.53
10.72	66.27	67.62
10.73	66.36	67.70
10.74	66.45	67.79
10.75	66.55	67.87
10.76	66.64	67.96
10.77	66.73	68.04
10.78	66.82	68.13
10.79	66.92	68.22
10.80	67.02	68.31
10.81	67.12	68.40
10.82	67.23	68.50
10.83	67.33	68.59
10.84	67.43	68.68
10.85	67.53	68.78
10.86	67.63	68.87
10.87	67.73	68.96
10.88	67.83	69.05
10.89	67.93	69.15
10.90	68.03	69.24
10.91	68.14	69.33
10.92	68.24	69.43
10.93	68.34	69.52
10.94	68.44	69.61
10.95	68.54	69.70
10.96	68.64	69.80
10.97	68.74	69.89
10.98	68.84	69.98
10.99	68.94	70.08
11.00	69.05	70.17
11.01	69.14	70.26
11.02	69.21	70.32
11.03	69.28	70.38
11.04	69.34	70.44
11.05	69.41	70.51
11.06	69.48	70.57
11.07	69.55	70.63
11.08	69.61	70.69
11.09	69.68	70.76
11.10	69.75	70.82
11.11	69.82	70.88
11.12	69.88	70.94
11.13	69.95	71.01
11.14	70.02	71.07
11.15	70.09	71.13
11.16	70.15	71.19
11.17	70.22	71.26
11.18	70.29	71.32
11.19	70.36	71.38
11.20	70.42	71.44
11.21	70.50	71.51
11.22	70.58	71.59
11.23	70.67	71.67
11.24	70.75	71.74
11.25	70.83	71.82
11.26	70.91	71.90
11.27	71.00	71.97
11.28	71.08	72.05
11.29	71.16	72.12
11.30	71.25	72.20
11.31	71.33	72.28
11.32	71.41	72.35
11.33	71.49	72.43
11.34	71.58	72.51
11.35	71.66	72.58
11.36	71.74	72.66
11.37	71.83	72.73
11.38	71.91	72.81
11.39	71.99	72.89
11.40	72.07	72.96
11.41	72.16	73.04
11.42	72.24	73.12
11.43	72.30	73.17
11.44	72.35	73.22
11.45	72.39	73.26
11.46	72.44	73.30
11.47	72.49	73.35
11.48	72.54	73.39
11.49	72.58	73.44
11.50	72.63	73.48
11.51	72.68	73.53
11.52	72.73	73.57
11.53	72.77	73.61
11.54	72.82	73.66
11.55	72.87	73.70
11.56	72.92	73.75
11.57	72.97	73.79
11.58	73.01	73.84
11.59	73.06	73.88
11.60	73.11	73.93
11.61	73.16	73.97
11.62	73.20	74.01
11.63	73.25	74.06
11.64	73.30	74.10
11.65	73.35	74.15
11.66	73.39	74.19
11.67	73.45	74.24
11.68	73.50	74.29
11.69	73.56	74.34
11.70	73.61	74.40
11.71	73.67	74.45
11.72	73.73	74.50
11.73	73.78	74.55
11.74	73.84	74.60
11.75	73.89	74.66
11.76	73.95	74.71
11.77	74.00	74.76
11.78	74.06	74.81
11.79	74.12	74.86
11.80	74.17	74.91
11.81	74.23	74.97
11.82	74.28	75.02
11.83	74.34	75.07
11.84	74.40	75.12
11.85	74.45	75.17
11.86	74.51	75.23
11.87	74.56	75.28
11.88	74.62	75.33
11.89	74.68	75.38
11.90	74.72	75.43
11.91	74.77	75.47
11.92	74.81	75.51
11.93	74.86	75.55
11.94	74.90	75.59
11.95	74.94	75.63
11.96	74.99	75.67
11.97	75.03	75.72
11.98	75.08	75.76
11.99	75.12	75.80
12.00	75.17	75.84
12.01	75.21	75.88
12.02	75.25	75.92
12.03	75.30	75.96
12.04	75.34	76.00
12.05	75.39	76.04
12.06	75.43	76.09
12.07	75.47	76.13
12.08	75.52	76.17
12.09	75.56	76.21
12.10	75.61	76.25
12.11	75.65	76.29
12.12	75.69	76.33
12.13	75.74	76.37
12.14	75.78	76.42
12.15	75.83	76.46
12.16	75.88	76.50
12.17	75.93	76.55
12.18	75.97	76.59
12.19	76.02	76.64
12.20	76.07	76.68
12.21	76.12	76.72
12.22	76.16	76.77
12.23	76.21	76.81
12.24	76.26	76.86
12.25	76.30	76.90
12.26	76.35	76.94
12.27	76.40	76.99
12.28	76.45	77.03
12.29	76.49	77.08
12.30	76.54	77.12
