Wavelength(micron)	Fp/F*(Low albedo_specular ppm)	Fp/F*(Low albedo_Lambert ppm)
0.30	0.86	2.15
0.31	0.84	2.09
0.32	0.81	2.02
0.33	0.78	1.95
0.34	0.75	1.87
0.35	0.72	1.81
0.36	0.71	1.77
0.37	0.72	1.79
0.38	0.73	1.82
0.39	0.75	1.85
0.40	0.76	1.87
0.41	0.76	1.87
0.42	0.75	1.85
0.43	0.75	1.84
0.44	0.74	1.82
0.45	0.74	1.81
0.46	0.74	1.79
0.47	0.74	1.78
0.48	0.74	1.76
0.49	0.74	1.76
0.50	0.75	1.77
0.51	0.76	1.78
0.52	0.77	1.79
0.53	0.78	1.81
0.54	0.80	1.82
0.55	0.82	1.84
0.56	0.83	1.86
0.57	0.85	1.88
0.58	0.87	1.90
0.59	0.89	1.91
0.60	0.91	1.93
0.61	0.93	1.95
0.62	0.96	1.98
0.63	0.99	2.00
0.64	1.01	2.03
0.65	1.05	2.05
0.66	1.08	2.08
0.67	1.11	2.12
0.68	1.15	2.15
0.69	1.19	2.19
0.70	1.23	2.23
0.71	1.27	2.27
0.72	1.32	2.31
0.73	1.36	2.35
0.74	1.41	2.40
0.75	1.46	2.45
0.76	1.52	2.50
0.77	1.57	2.55
0.78	1.63	2.61
0.79	1.69	2.67
0.80	1.75	2.73
0.81	1.82	2.79
0.82	1.89	2.86
0.83	1.95	2.92
0.84	2.03	2.99
0.85	2.10	3.07
0.86	2.18	3.14
0.87	2.26	3.22
0.88	2.34	3.29
0.89	2.42	3.38
0.90	2.50	3.46
0.91	2.59	3.54
0.92	2.68	3.63
0.93	2.77	3.72
0.94	2.87	3.81
0.95	2.96	3.91
0.96	3.06	4.00
0.97	3.16	4.10
0.98	3.26	4.20
0.99	3.37	4.30
1.00	3.48	4.41
1.01	3.58	4.51
1.02	3.69	4.62
1.03	3.81	4.73
1.04	3.92	4.84
1.05	4.04	4.96
1.06	4.16	5.07
1.07	4.28	5.19
1.08	4.40	5.31
1.09	4.52	5.43
1.10	4.65	5.55
1.11	4.77	5.68
1.12	4.90	5.81
1.13	5.03	5.93
1.14	5.16	6.06
1.15	5.30	6.19
1.16	5.43	6.33
1.17	5.57	6.46
1.18	5.71	6.60
1.19	5.85	6.74
1.20	5.99	6.87
1.21	6.13	7.01
1.22	6.27	7.16
1.23	6.42	7.30
1.24	6.56	7.44
1.25	6.71	7.59
1.26	6.86	7.74
1.27	7.00	7.89
1.28	7.15	8.04
1.29	7.30	8.20
1.30	7.45	8.35
1.31	7.60	8.50
1.32	7.76	8.66
1.33	7.91	8.81
1.34	8.07	8.97
1.35	8.22	9.12
1.36	8.38	9.28
1.37	8.54	9.44
1.38	8.69	9.60
1.39	8.85	9.76
1.40	9.00	9.92
1.41	9.16	10.08
1.42	9.32	10.24
1.43	9.48	10.40
1.44	9.64	10.57
1.45	9.80	10.73
1.46	9.96	10.89
1.47	10.13	11.05
1.48	10.29	11.22
1.49	10.45	11.38
1.50	10.61	11.55
1.51	10.78	11.71
1.52	10.94	11.88
1.53	11.10	12.04
1.54	11.27	12.21
1.55	11.43	12.37
1.56	11.60	12.54
1.57	11.76	12.71
1.58	11.93	12.87
1.59	12.09	13.04
1.60	12.26	13.21
1.61	12.43	13.37
1.62	12.59	13.54
1.63	12.76	13.71
1.64	12.93	13.87
1.65	13.09	14.04
1.66	13.26	14.21
1.67	13.42	14.38
1.68	13.59	14.54
1.69	13.76	14.71
1.70	13.93	14.88
1.71	14.09	15.05
1.72	14.26	15.21
1.73	14.43	15.38
1.74	14.60	15.55
1.75	14.76	15.72
1.76	14.93	15.88
1.77	15.09	16.05
1.78	15.26	16.22
1.79	15.42	16.38
1.80	15.59	16.55
1.81	15.76	16.72
1.82	15.92	16.88
1.83	16.09	17.05
1.84	16.26	17.22
1.85	16.42	17.38
1.86	16.59	17.55
1.87	16.76	17.72
1.88	16.92	17.88
1.89	17.09	18.05
1.90	17.25	18.21
1.91	17.42	18.38
1.92	17.58	18.54
1.93	17.75	18.71
1.94	17.91	18.87
1.95	18.07	19.03
1.96	18.23	19.20
1.97	18.39	19.36
1.98	18.56	19.52
1.99	18.72	19.68
2.00	18.88	19.84
2.01	19.04	20.01
2.02	19.20	20.17
2.03	19.36	20.33
2.04	19.52	20.49
2.05	19.68	20.65
2.06	19.84	20.81
2.07	20.00	20.97
2.08	20.16	21.13
2.09	20.32	21.29
2.10	20.48	21.45
2.11	20.64	21.61
2.12	20.80	21.77
2.13	20.96	21.92
2.14	21.11	22.08
2.15	21.27	22.24
2.16	21.43	22.40
2.17	21.58	22.55
2.18	21.74	22.71
2.19	21.90	22.86
2.20	22.05	23.02
2.21	22.20	23.17
2.22	22.36	23.33
2.23	22.51	23.48
2.24	22.67	23.63
2.25	22.82	23.79
2.26	22.97	23.94
2.27	23.12	24.09
2.28	23.27	24.24
2.29	23.43	24.39
2.30	23.58	24.54
2.31	23.73	24.69
2.32	23.88	24.84
2.33	24.03	24.99
2.34	24.17	25.14
2.35	24.32	25.29
2.36	24.47	25.44
2.37	24.62	25.59
2.38	24.77	25.73
2.39	24.91	25.88
2.40	25.06	26.03
2.41	25.20	26.17
2.42	25.35	26.32
2.43	25.49	26.46
2.44	25.64	26.61
2.45	25.78	26.75
2.46	25.92	26.89
2.47	26.07	27.04
2.48	26.21	27.18
2.49	26.35	27.32
2.50	26.50	27.46
2.51	26.64	27.61
2.52	26.78	27.75
2.53	26.93	27.89
2.54	27.07	28.03
2.55	27.21	28.17
2.56	27.35	28.31
2.57	27.49	28.45
2.58	27.63	28.59
2.59	27.77	28.73
2.60	27.91	28.87
2.61	28.05	29.01
2.62	28.18	29.14
2.63	28.32	29.28
2.64	28.46	29.42
2.65	28.59	29.55
2.66	28.73	29.69
2.67	28.87	29.82
2.68	29.00	29.96
2.69	29.14	30.09
2.70	29.27	30.22
2.71	29.40	30.36
2.72	29.54	30.49
2.73	29.67	30.62
2.74	29.80	30.75
2.75	29.93	30.88
2.76	30.06	31.01
2.77	30.19	31.14
2.78	30.32	31.27
2.79	30.44	31.40
2.80	30.57	31.52
2.81	30.70	31.65
2.82	30.82	31.78
2.83	30.95	31.90
2.84	31.08	32.03
2.85	31.20	32.15
2.86	31.33	32.28
2.87	31.45	32.40
2.88	31.57	32.53
2.89	31.70	32.65
2.90	31.82	32.78
2.91	31.95	32.90
2.92	32.07	33.02
2.93	32.19	33.15
2.94	32.32	33.27
2.95	32.44	33.39
2.96	32.56	33.51
2.97	32.68	33.63
2.98	32.80	33.75
2.99	32.92	33.87
3.00	33.04	33.99
3.01	33.16	34.11
3.02	33.28	34.23
3.03	33.40	34.35
3.04	33.52	34.47
3.05	33.64	34.59
3.06	33.76	34.70
3.07	33.87	34.82
3.08	33.99	34.93
3.09	34.10	35.05
3.10	34.21	35.16
3.11	34.33	35.27
3.12	34.44	35.39
3.13	34.55	35.50
3.14	34.67	35.61
3.15	34.78	35.72
3.16	34.89	35.84
3.17	35.00	35.95
3.18	35.11	36.06
3.19	35.22	36.17
3.20	35.33	36.28
3.21	35.44	36.39
3.22	35.55	36.49
3.23	35.66	36.60
3.24	35.76	36.71
3.25	35.87	36.82
3.26	35.98	36.93
3.27	36.09	37.04
3.28	36.20	37.14
3.29	36.31	37.25
3.30	36.41	37.36
3.31	36.52	37.46
3.32	36.63	37.57
3.33	36.73	37.68
3.34	36.84	37.78
3.35	36.94	37.89
3.36	37.05	37.99
3.37	37.15	38.10
3.38	37.26	38.20
3.39	37.36	38.30
3.40	37.47	38.41
3.41	37.57	38.51
3.42	37.67	38.61
3.43	37.77	38.71
3.44	37.88	38.82
3.45	37.98	38.92
3.46	38.08	39.02
3.47	38.18	39.12
3.48	38.28	39.22
3.49	38.38	39.32
3.50	38.48	39.42
3.51	38.58	39.52
3.52	38.68	39.61
3.53	38.78	39.71
3.54	38.87	39.81
3.55	38.97	39.91
3.56	39.07	40.01
3.57	39.17	40.10
3.58	39.26	40.20
3.59	39.36	40.29
3.60	39.46	40.39
3.61	39.55	40.49
3.62	39.65	40.58
3.63	39.74	40.68
3.64	39.84	40.77
3.65	39.93	40.86
3.66	40.02	40.96
3.67	40.12	41.05
3.68	40.21	41.14
3.69	40.30	41.24
3.70	40.40	41.33
3.71	40.49	41.42
3.72	40.59	41.52
3.73	40.68	41.61
3.74	40.78	41.71
3.75	40.87	41.80
3.76	40.97	41.89
3.77	41.06	41.99
3.78	41.16	42.08
3.79	41.25	42.17
3.80	41.34	42.27
3.81	41.44	42.36
3.82	41.53	42.45
3.83	41.62	42.54
3.84	41.72	42.64
3.85	41.81	42.73
3.86	41.90	42.82
3.87	41.99	42.91
3.88	42.08	43.00
3.89	42.17	43.09
3.90	42.27	43.18
3.91	42.36	43.27
3.92	42.45	43.36
3.93	42.54	43.45
3.94	42.63	43.53
3.95	42.72	43.62
3.96	42.80	43.71
3.97	42.89	43.80
3.98	42.98	43.89
3.99	43.07	43.97
4.00	43.16	44.07
4.01	43.26	44.16
4.02	43.35	44.25
4.03	43.44	44.34
4.04	43.53	44.43
4.05	43.63	44.52
4.06	43.72	44.61
4.07	43.81	44.70
4.08	43.90	44.79
4.09	43.99	44.88
4.10	44.08	44.96
4.11	44.17	45.05
4.12	44.26	45.14
4.13	44.35	45.23
4.14	44.44	45.32
4.15	44.53	45.40
4.16	44.62	45.49
4.17	44.71	45.58
4.18	44.80	45.67
4.19	44.89	45.75
4.20	44.97	45.84
4.21	45.06	45.93
4.22	45.15	46.01
4.23	45.24	46.10
4.24	45.32	46.18
4.25	45.41	46.27
4.26	45.50	46.35
4.27	45.59	46.44
4.28	45.67	46.52
4.29	45.76	46.61
4.30	45.85	46.69
4.31	45.94	46.78
4.32	46.04	46.88
4.33	46.13	46.97
4.34	46.23	47.06
4.35	46.32	47.15
4.36	46.42	47.24
4.37	46.51	47.33
4.38	46.61	47.42
4.39	46.70	47.52
4.40	46.79	47.61
4.41	46.89	47.70
4.42	46.98	47.79
4.43	47.07	47.88
4.44	47.17	47.97
4.45	47.26	48.06
4.46	47.35	48.15
4.47	47.45	48.24
4.48	47.55	48.33
4.49	47.64	48.43
4.50	47.74	48.52
4.51	47.84	48.62
4.52	47.94	48.71
4.53	48.04	48.80
4.54	48.14	48.90
4.55	48.24	48.99
4.56	48.33	49.09
4.57	48.43	49.18
4.58	48.53	49.27
4.59	48.63	49.37
4.60	48.73	49.46
4.61	48.82	49.55
4.62	48.92	49.64
4.63	49.02	49.74
4.64	49.11	49.83
4.65	49.21	49.92
4.66	49.31	50.02
4.67	49.40	50.11
4.68	49.50	50.20
4.69	49.59	50.29
4.70	49.69	50.38
4.71	49.78	50.47
4.72	49.88	50.56
4.73	49.97	50.65
4.74	50.07	50.74
4.75	50.16	50.83
4.76	50.26	50.92
4.77	50.35	51.01
4.78	50.44	51.10
4.79	50.54	51.19
4.80	50.63	51.28
4.81	50.72	51.37
4.82	50.82	51.46
4.83	50.91	51.55
4.84	51.00	51.64
4.85	51.16	51.78
4.86	51.32	51.93
4.87	51.48	52.08
4.88	51.64	52.22
4.89	51.80	52.37
4.90	51.97	52.52
4.91	52.08	52.62
4.92	52.17	52.71
4.93	52.26	52.79
4.94	52.35	52.88
4.95	52.44	52.97
4.96	52.53	53.05
4.97	52.62	53.14
4.98	52.70	53.22
4.99	52.79	53.31
5.00	52.88	53.39
5.01	52.97	53.48
5.02	53.06	53.56
5.03	53.15	53.65
5.04	53.24	53.73
5.05	53.33	53.82
5.06	53.41	53.90
5.07	53.49	53.97
5.08	53.57	54.05
5.09	53.65	54.13
5.10	53.73	54.21
5.11	53.81	54.28
5.12	53.89	54.36
5.13	53.97	54.44
5.14	54.05	54.51
5.15	54.12	54.59
5.16	54.20	54.67
5.17	54.28	54.74
5.18	54.36	54.82
5.19	54.44	54.89
5.20	54.52	54.97
5.21	54.60	55.04
5.22	54.67	55.12
5.23	54.75	55.19
5.24	54.83	55.27
5.25	54.91	55.34
5.26	54.98	55.42
5.27	55.06	55.49
5.28	55.14	55.57
5.29	55.22	55.64
5.30	55.29	55.72
5.31	55.37	55.79
5.32	55.44	55.86
5.33	55.52	55.93
5.34	55.59	56.00
5.35	55.66	56.07
5.36	55.73	56.14
5.37	55.80	56.21
5.38	55.87	56.28
5.39	55.94	56.34
5.40	56.01	56.41
5.41	56.08	56.48
5.42	56.15	56.55
5.43	56.22	56.62
5.44	56.29	56.68
5.45	56.36	56.75
5.46	56.43	56.82
5.47	56.50	56.89
5.48	56.57	56.95
5.49	56.63	57.02
5.50	56.70	57.09
5.51	56.77	57.15
5.52	56.84	57.22
5.53	56.91	57.29
5.54	56.98	57.35
5.55	57.04	57.42
5.56	57.11	57.48
5.57	57.18	57.55
5.58	57.25	57.62
5.59	57.32	57.68
5.60	57.38	57.75
5.61	57.45	57.81
5.62	57.52	57.88
5.63	57.59	57.94
5.64	57.65	58.01
5.65	57.72	58.07
5.66	57.79	58.14
5.67	57.85	58.20
5.68	57.92	58.27
5.69	57.99	58.33
5.70	58.05	58.39
5.71	58.12	58.46
5.72	58.18	58.52
5.73	58.25	58.59
5.74	58.32	58.65
5.75	58.38	58.71
5.76	58.45	58.78
5.77	58.51	58.84
5.78	58.58	58.90
5.79	58.64	58.96
5.80	58.69	59.02
5.81	58.75	59.08
5.82	58.81	59.13
5.83	58.87	59.19
5.84	58.93	59.25
5.85	58.99	59.30
5.86	59.04	59.36
5.87	59.10	59.42
5.88	59.16	59.47
5.89	59.22	59.53
5.90	59.27	59.59
5.91	59.33	59.64
5.92	59.39	59.70
5.93	59.44	59.75
5.94	59.50	59.81
5.95	59.56	59.87
5.96	59.61	59.92
5.97	59.67	59.98
5.98	59.73	60.03
5.99	59.78	60.09
6.00	59.84	60.14
6.01	59.90	60.20
6.02	59.95	60.25
6.03	60.01	60.31
6.04	60.06	60.36
6.05	60.12	60.41
6.06	60.17	60.47
6.07	60.23	60.52
6.08	60.28	60.58
6.09	60.34	60.63
6.10	60.39	60.68
6.11	60.45	60.74
6.12	60.50	60.79
6.13	60.56	60.84
6.14	60.61	60.90
6.15	60.67	60.95
6.16	60.72	61.00
6.17	60.78	61.06
6.18	60.83	61.11
6.19	60.88	61.16
6.20	60.94	61.22
6.21	60.99	61.27
6.22	61.05	61.32
6.23	61.10	61.37
6.24	61.15	61.42
6.25	61.21	61.48
6.26	61.26	61.53
6.27	61.31	61.58
6.28	61.36	61.63
6.29	61.42	61.68
6.30	61.47	61.74
6.31	61.52	61.79
6.32	61.58	61.84
6.33	61.63	61.89
6.34	61.68	61.94
6.35	61.73	61.99
6.36	61.78	62.04
6.37	61.84	62.09
6.38	61.89	62.14
6.39	61.94	62.20
6.40	61.99	62.25
6.41	62.04	62.30
6.42	62.10	62.35
6.43	62.15	62.40
6.44	62.20	62.45
6.45	62.25	62.50
6.46	62.30	62.55
6.47	62.35	62.60
6.48	62.40	62.65
6.49	62.45	62.70
6.50	62.50	62.75
6.51	62.55	62.80
6.52	62.60	62.84
6.53	62.66	62.89
6.54	62.71	62.94
6.55	62.76	62.99
6.56	62.81	63.04
6.57	62.86	63.09
6.58	62.91	63.14
6.59	62.96	63.19
6.60	63.01	63.24
6.61	63.06	63.29
6.62	63.11	63.34
6.63	63.16	63.39
6.64	63.21	63.44
6.65	63.26	63.48
6.66	63.31	63.53
6.67	63.36	63.58
6.68	63.41	63.63
6.69	63.46	63.68
6.70	63.51	63.73
6.71	63.56	63.78
6.72	63.61	63.82
6.73	63.66	63.87
6.74	63.71	63.92
6.75	63.76	63.97
6.76	63.81	64.02
6.77	63.86	64.06
6.78	63.91	64.11
6.79	63.95	64.16
6.80	64.00	64.21
6.81	64.05	64.26
6.82	64.10	64.30
6.83	64.15	64.35
6.84	64.20	64.40
6.85	64.25	64.44
6.86	64.30	64.49
6.87	64.34	64.54
6.88	64.39	64.59
6.89	64.44	64.63
6.90	64.49	64.68
6.91	64.54	64.73
6.92	64.58	64.77
6.93	64.63	64.82
6.94	64.68	64.87
6.95	64.73	64.91
6.96	64.77	64.96
6.97	64.82	65.00
6.98	64.87	65.05
6.99	64.92	65.10
7.00	64.96	65.14
7.01	65.01	65.19
7.02	65.06	65.23
7.03	65.11	65.28
7.04	65.15	65.33
7.05	65.20	65.37
7.06	65.25	65.42
7.07	65.29	65.46
7.08	65.34	65.51
7.09	65.39	65.55
7.10	65.43	65.60
7.11	65.48	65.64
7.12	65.53	65.69
7.13	65.57	65.73
7.14	65.62	65.78
7.15	65.66	65.82
7.16	65.71	65.87
7.17	65.76	65.91
7.18	65.80	65.96
7.19	65.85	66.00
7.20	65.89	66.05
7.21	65.94	66.09
7.22	65.98	66.13
7.23	66.03	66.18
7.24	66.08	66.22
7.25	66.12	66.27
7.26	66.17	66.31
7.27	66.21	66.35
7.28	66.26	66.40
7.29	66.30	66.44
7.30	66.35	66.49
7.31	66.39	66.53
7.32	66.44	66.57
7.33	66.48	66.62
7.34	66.53	66.66
7.35	66.57	66.70
7.36	66.61	66.75
7.37	66.66	66.79
7.38	66.70	66.83
7.39	66.75	66.88
7.40	66.79	66.92
7.41	66.84	66.96
7.42	66.88	67.00
7.43	66.92	67.05
7.44	66.97	67.09
7.45	67.01	67.13
7.46	67.06	67.18
7.47	67.10	67.22
7.48	67.14	67.26
7.49	67.19	67.30
7.50	67.23	67.35
7.51	67.27	67.39
7.52	67.32	67.43
7.53	67.36	67.47
7.54	67.41	67.51
7.55	67.45	67.56
7.56	67.49	67.60
7.57	67.54	67.64
7.58	67.58	67.69
7.59	67.63	67.73
7.60	67.67	67.77
7.61	67.72	67.82
7.62	67.76	67.86
7.63	67.81	67.90
7.64	67.85	67.95
7.65	67.90	67.99
7.66	67.94	68.03
7.67	67.98	68.07
7.68	68.03	68.12
7.69	68.07	68.16
7.70	68.12	68.20
7.71	68.16	68.25
7.72	68.21	68.29
7.73	68.25	68.33
7.74	68.29	68.37
7.75	68.34	68.42
7.76	68.38	68.46
7.77	68.43	68.50
7.78	68.47	68.54
7.79	68.51	68.58
7.80	68.56	68.63
7.81	68.60	68.67
7.82	68.64	68.71
7.83	68.69	68.75
7.84	68.73	68.79
7.85	68.77	68.84
7.86	68.82	68.88
7.87	68.86	68.92
7.88	68.90	68.96
7.89	68.95	69.00
7.90	68.99	69.04
7.91	69.03	69.09
7.92	69.08	69.13
7.93	69.12	69.17
7.94	69.16	69.21
7.95	69.20	69.25
7.96	69.25	69.29
7.97	69.29	69.33
7.98	69.33	69.38
7.99	69.37	69.42
8.00	69.42	69.46
8.01	69.46	69.50
8.02	69.50	69.54
8.03	69.54	69.58
8.04	69.59	69.62
8.05	69.63	69.66
8.06	69.67	69.70
8.07	69.71	69.74
8.08	69.76	69.78
8.09	69.80	69.82
8.10	69.84	69.86
8.11	69.88	69.91
8.12	69.92	69.95
8.13	69.96	69.99
8.14	70.01	70.03
8.15	70.05	70.07
8.16	70.09	70.11
8.17	70.13	70.15
8.18	70.15	70.16
8.19	70.14	70.16
8.20	70.14	70.16
8.21	70.13	70.16
8.22	70.13	70.16
8.23	70.12	70.15
8.24	70.11	70.15
8.25	70.11	70.15
8.26	70.10	70.15
8.27	70.10	70.14
8.28	70.09	70.14
8.29	70.08	70.14
8.30	70.08	70.14
8.31	70.07	70.13
8.32	70.06	70.13
8.33	70.06	70.13
8.34	70.05	70.12
8.35	70.04	70.12
8.36	70.04	70.12
8.37	70.03	70.11
8.38	70.02	70.11
8.39	70.01	70.11
8.40	70.01	70.10
8.41	70.00	70.10
8.42	69.99	70.10
8.43	69.99	70.09
8.44	69.98	70.09
8.45	69.97	70.08
8.46	69.96	70.08
8.47	69.95	70.07
8.48	69.95	70.07
8.49	69.94	70.07
8.50	69.93	70.06
8.51	69.92	70.06
8.52	69.91	70.05
8.53	69.91	70.05
8.54	69.90	70.04
8.55	69.89	70.04
8.56	69.88	70.03
8.57	69.87	70.03
8.58	69.86	70.02
8.59	69.85	70.02
8.60	69.84	70.01
8.61	69.84	70.01
8.62	69.83	70.00
8.63	69.82	70.00
8.64	69.81	69.99
8.65	69.80	69.98
8.66	69.79	69.98
8.67	69.78	69.97
8.68	69.77	69.97
8.69	69.76	69.96
8.70	69.74	69.94
8.71	69.71	69.92
8.72	69.69	69.90
8.73	69.66	69.88
8.74	69.64	69.87
8.75	69.62	69.85
8.76	69.59	69.83
8.77	69.57	69.81
8.78	69.54	69.79
8.79	69.52	69.77
8.80	69.50	69.75
8.81	69.47	69.73
8.82	69.43	69.70
8.83	69.38	69.66
8.84	69.33	69.61
8.85	69.27	69.56
8.86	69.22	69.52
8.87	69.17	69.47
8.88	69.11	69.43
8.89	69.06	69.38
8.90	69.00	69.34
8.91	68.32	68.73
8.92	68.33	68.74
8.93	68.33	68.74
8.94	68.34	68.75
8.95	68.34	68.76
8.96	68.35	68.76
8.97	68.35	68.77
8.98	68.35	68.77
8.99	68.36	68.78
9.00	68.36	68.79
9.01	68.37	68.79
9.02	68.37	68.80
9.03	68.37	68.80
9.04	68.38	68.81
9.05	68.38	68.81
9.06	68.39	68.82
9.07	68.39	68.83
9.08	68.39	68.83
9.09	68.40	68.84
9.10	68.40	68.84
9.11	68.40	68.85
9.12	68.41	68.85
9.13	68.41	68.86
9.14	68.41	68.86
9.15	68.42	68.87
9.16	68.42	68.87
9.17	68.42	68.88
9.18	67.36	67.93
9.19	66.73	67.37
9.20	66.70	67.35
9.21	66.68	67.32
9.22	66.65	67.30
9.23	66.62	67.28
9.24	66.59	67.25
9.25	66.57	67.23
9.26	66.54	67.21
9.27	66.51	67.19
9.28	66.48	67.16
9.29	66.45	67.14
9.30	66.42	67.12
9.31	66.40	67.09
9.32	66.37	67.07
9.33	66.34	67.05
9.34	66.31	67.02
9.35	66.28	67.00
9.36	66.25	66.97
9.37	66.22	66.95
9.38	66.19	66.93
9.39	66.17	66.90
9.40	66.14	66.88
9.41	66.11	66.85
9.42	66.08	66.83
9.43	66.05	66.81
9.44	66.02	66.78
9.45	65.99	66.76
9.46	65.96	66.73
9.47	65.93	66.71
9.48	65.90	66.68
9.49	65.87	66.66
9.50	65.84	66.63
9.51	65.81	66.61
9.52	65.78	66.58
9.53	65.75	66.56
9.54	65.72	66.53
9.55	65.69	66.51
9.56	65.66	66.48
9.57	65.63	66.46
9.58	65.60	66.43
9.59	65.57	66.41
9.60	65.54	66.38
9.61	65.51	66.36
9.62	65.48	66.33
9.63	65.46	66.32
9.64	65.46	66.32
9.65	65.45	66.31
9.66	65.45	66.31
9.67	65.44	66.31
9.68	65.44	66.30
9.69	65.43	66.30
9.70	65.43	66.30
9.71	65.42	66.30
9.72	65.42	66.29
9.73	65.41	66.29
9.74	65.40	66.29
9.75	65.40	66.28
9.76	65.39	66.28
9.77	65.39	66.27
9.78	65.38	66.27
9.79	65.37	66.27
9.80	65.37	66.26
9.81	65.36	66.26
9.82	65.36	66.26
9.83	65.35	66.25
9.84	65.34	66.25
9.85	65.34	66.25
9.86	65.33	66.24
9.87	65.32	66.24
9.88	65.32	66.23
9.89	65.31	66.23
9.90	65.30	66.22
9.91	65.30	66.22
9.92	65.29	66.22
9.93	65.29	66.21
9.94	65.28	66.21
9.95	65.27	66.20
9.96	65.26	66.20
9.97	65.26	66.19
9.98	65.25	66.19
9.99	65.24	66.19
10.00	65.24	66.18
10.01	65.23	66.18
10.02	65.22	66.17
10.03	65.22	66.17
10.04	65.21	66.16
10.05	65.20	66.16
10.06	65.19	66.15
10.07	65.19	66.15
10.08	65.18	66.14
10.09	65.17	66.14
10.10	65.17	66.13
10.11	65.16	66.13
10.12	65.15	66.12
10.13	65.14	66.12
10.14	65.14	66.11
10.15	65.13	66.11
10.16	65.12	66.10
10.17	65.11	66.10
10.18	65.10	66.09
10.19	65.10	66.09
10.20	65.09	66.08
10.21	65.08	66.08
10.22	65.07	66.07
10.23	65.07	66.06
10.24	65.06	66.06
10.25	65.06	66.07
10.26	65.09	66.09
10.27	65.12	66.12
10.28	65.16	66.15
10.29	65.19	66.18
10.30	65.22	66.21
10.31	65.25	66.24
10.32	65.28	66.27
10.33	65.31	66.30
10.34	65.34	66.33
10.35	65.37	66.36
10.36	65.40	66.39
10.37	65.43	66.42
10.38	65.46	66.44
10.39	65.49	66.47
10.40	65.52	66.50
10.41	65.55	66.53
10.42	65.58	66.56
10.43	65.61	66.59
10.44	65.64	66.62
10.45	65.67	66.65
10.46	65.70	66.68
10.47	65.74	66.70
10.48	65.77	66.73
10.49	65.80	66.76
10.50	65.83	66.79
10.51	65.86	66.82
10.52	65.89	66.85
10.53	65.92	66.88
10.54	65.95	66.91
10.55	65.98	66.93
10.56	66.01	66.96
10.57	66.04	66.99
10.58	66.07	67.02
10.59	66.10	67.05
10.60	66.13	67.08
10.61	66.16	67.11
10.62	66.19	67.13
10.63	66.22	67.16
10.64	66.25	67.19
10.65	66.28	67.22
10.66	66.31	67.25
10.67	66.34	67.28
10.68	66.37	67.30
10.69	66.40	67.33
10.70	66.43	67.36
10.71	66.46	67.39
10.72	66.49	67.42
10.73	66.52	67.45
10.74	66.55	67.47
10.75	66.58	67.50
10.76	66.61	67.53
10.77	66.64	67.56
10.78	66.67	67.59
10.79	66.70	67.62
10.80	66.73	67.64
10.81	66.75	67.67
10.82	66.78	67.70
10.83	66.81	67.73
10.84	66.84	67.76
10.85	66.87	67.78
10.86	66.90	67.81
10.87	66.93	67.84
10.88	66.96	67.87
10.89	66.99	67.90
10.90	67.02	67.92
10.91	67.05	67.95
10.92	67.08	67.98
10.93	67.11	68.01
10.94	67.14	68.04
10.95	67.17	68.06
10.96	67.20	68.09
10.97	67.23	68.12
10.98	67.26	68.15
10.99	67.29	68.18
11.00	67.32	68.21
11.01	67.35	68.23
11.02	67.38	68.26
11.03	67.41	68.29
11.04	67.44	68.32
11.05	67.47	68.35
11.06	67.50	68.38
11.07	67.53	68.40
11.08	67.56	68.43
11.09	67.59	68.46
11.10	67.62	68.49
11.11	67.65	68.52
11.12	67.68	68.54
11.13	67.71	68.57
11.14	67.74	68.60
11.15	67.76	68.63
11.16	67.79	68.66
11.17	67.82	68.68
11.18	67.85	68.71
11.19	67.88	68.74
11.20	67.91	68.77
11.21	67.94	68.80
11.22	67.97	68.82
11.23	68.00	68.85
11.24	68.03	68.88
11.25	68.06	68.91
11.26	68.09	68.94
11.27	68.12	68.96
11.28	68.15	68.99
11.29	68.18	69.02
11.30	68.21	69.05
11.31	68.24	69.07
11.32	68.27	69.10
11.33	68.30	69.13
11.34	68.32	69.16
11.35	68.35	69.19
11.36	68.38	69.21
11.37	68.41	69.24
11.38	68.44	69.27
11.39	68.47	69.30
11.40	68.50	69.32
11.41	68.53	69.35
11.42	68.56	69.38
11.43	68.59	69.41
11.44	68.62	69.43
11.45	68.65	69.46
11.46	68.68	69.49
11.47	68.70	69.52
11.48	68.73	69.54
11.49	68.76	69.57
11.50	68.79	69.60
11.51	68.82	69.63
11.52	68.85	69.65
11.53	68.88	69.68
11.54	68.91	69.71
11.55	68.94	69.74
11.56	68.97	69.76
11.57	68.99	69.79
11.58	69.04	69.83
11.59	69.08	69.87
11.60	69.12	69.91
11.61	69.16	69.94
11.62	69.20	69.98
11.63	69.24	70.02
11.64	69.28	70.06
11.65	69.32	70.10
11.66	69.36	70.13
11.67	69.40	70.17
11.68	69.44	70.21
11.69	69.48	70.25
11.70	69.52	70.29
11.71	69.57	70.32
11.72	69.61	70.36
11.73	69.65	70.40
11.74	69.69	70.44
11.75	69.73	70.48
11.76	69.77	70.51
11.77	69.81	70.55
11.78	69.85	70.59
11.79	69.89	70.63
11.80	69.93	70.66
11.81	69.97	70.70
11.82	70.01	70.74
11.83	70.05	70.78
11.84	70.09	70.82
11.85	70.13	70.85
11.86	70.17	70.89
11.87	70.21	70.93
11.88	70.26	70.97
11.89	70.30	71.00
11.90	70.34	71.04
11.91	70.37	71.07
11.92	70.38	71.09
11.93	70.40	71.11
11.94	70.42	71.12
11.95	70.44	71.14
11.96	70.45	71.16
11.97	70.47	71.17
11.98	70.49	71.19
11.99	70.51	71.21
12.00	70.52	71.22
12.01	70.54	71.24
12.02	70.56	71.26
12.03	70.58	71.27
12.04	70.59	71.29
12.05	70.61	71.31
12.06	70.63	71.32
12.07	70.65	71.34
12.08	70.66	71.36
12.09	70.68	71.37
12.10	70.70	71.39
12.11	70.71	71.41
12.12	70.73	71.42
12.13	70.75	71.44
12.14	70.77	71.46
12.15	70.78	71.47
12.16	70.80	71.49
12.17	70.82	71.51
12.18	70.83	71.52
12.19	70.85	71.54
12.20	70.87	71.56
12.21	70.88	71.57
12.22	70.90	71.59
12.23	70.92	71.61
12.24	70.94	71.62
12.25	70.95	71.64
12.26	70.97	71.66
12.27	70.99	71.67
12.28	71.00	71.69
12.29	71.02	71.70
12.30	71.04	71.72
