Wavelength(micron)	Fp/F*(Blackbody ppm)	Fp/F*(Low albedo_specular ppm)	Fp/F*(Low albedo_Lambert ppm)	Fp/F*(High albedo_specular ppm)	Fp/F*(High albedo_Lambert ppm)	Fp/F*(Blackbody & heat fully redistribution ppm)
0.30	0.00	0.86	2.15	1.76	4.39	0.00
0.31	0.00	0.84	2.09	1.62	4.04	0.00
0.32	0.00	0.81	2.02	1.50	3.75	0.00
0.33	0.00	0.78	1.95	1.43	3.57	0.00
0.34	0.00	0.75	1.87	1.41	3.50	0.00
0.35	0.00	0.72	1.81	1.42	3.54	0.00
0.36	0.00	0.71	1.77	1.45	3.61	0.00
0.37	0.01	0.72	1.79	1.44	3.58	0.00
0.38	0.01	0.73	1.82	1.38	3.44	0.00
0.39	0.01	0.75	1.85	1.30	3.21	0.00
0.40	0.01	0.76	1.87	1.21	2.99	0.00
0.41	0.02	0.76	1.87	1.14	2.82	0.00
0.42	0.02	0.75	1.85	1.10	2.70	0.00
0.43	0.02	0.75	1.84	1.08	2.64	0.00
0.44	0.03	0.74	1.82	1.06	2.56	0.00
0.45	0.04	0.74	1.81	1.04	2.51	0.00
0.46	0.04	0.74	1.79	1.03	2.46	0.00
0.47	0.05	0.74	1.78	1.01	2.41	0.00
0.48	0.06	0.74	1.76	1.00	2.35	0.00
0.49	0.07	0.74	1.76	0.99	2.30	0.00
0.50	0.08	0.75	1.77	1.00	2.31	0.00
0.51	0.09	0.76	1.78	1.03	2.36	0.00
0.52	0.11	0.77	1.79	1.06	2.42	0.00
0.53	0.12	0.78	1.81	1.10	2.47	0.00
0.54	0.14	0.80	1.82	1.14	2.53	0.00
0.55	0.16	0.82	1.84	1.17	2.59	0.00
0.56	0.18	0.83	1.86	1.21	2.65	0.00
0.57	0.20	0.85	1.88	1.26	2.72	0.00
0.58	0.22	0.87	1.90	1.30	2.78	0.00
0.59	0.25	0.89	1.91	1.34	2.85	0.00
0.60	0.28	0.91	1.93	1.39	2.92	0.00
0.61	0.31	0.93	1.95	1.44	2.99	0.00
0.62	0.34	0.96	1.98	1.49	3.06	0.00
0.63	0.37	0.99	2.00	1.54	3.14	0.00
0.64	0.41	1.01	2.03	1.60	3.21	0.00
0.65	0.45	1.05	2.05	1.66	3.29	0.00
0.66	0.49	1.08	2.08	1.71	3.37	0.00
0.67	0.53	1.11	2.12	1.78	3.45	0.00
0.68	0.57	1.15	2.15	1.84	3.54	0.00
0.69	0.62	1.19	2.19	1.90	3.63	0.00
0.70	0.67	1.23	2.23	1.97	3.71	0.00
0.71	0.72	1.27	2.27	2.04	3.80	0.00
0.72	0.78	1.32	2.31	2.11	3.90	0.00
0.73	0.84	1.36	2.35	2.18	3.99	0.00
0.74	0.90	1.41	2.40	2.25	4.09	0.00
0.75	0.96	1.46	2.45	2.33	4.18	0.00
0.76	1.02	1.52	2.50	2.41	4.28	0.00
0.77	1.09	1.57	2.55	2.48	4.38	0.00
0.78	1.16	1.63	2.61	2.57	4.49	0.00
0.79	1.23	1.69	2.67	2.65	4.59	0.00
0.80	1.31	1.75	2.73	2.73	4.70	0.00
0.81	1.39	1.82	2.79	2.82	4.80	0.00
0.82	1.47	1.89	2.86	2.91	4.91	0.00
0.83	1.55	1.95	2.92	2.99	5.02	0.00
0.84	1.64	2.03	2.99	3.08	5.13	0.00
0.85	1.73	2.10	3.07	3.18	5.25	0.00
0.86	1.82	2.18	3.14	3.27	5.36	0.00
0.87	1.91	2.26	3.22	3.36	5.48	0.00
0.88	2.01	2.34	3.29	3.46	5.60	0.00
0.89	2.11	2.42	3.38	3.55	5.71	0.00
0.90	2.21	2.50	3.46	3.65	5.83	0.00
0.91	2.31	2.59	3.54	3.75	5.95	0.00
0.92	2.42	2.68	3.63	3.85	6.08	0.00
0.93	2.53	2.77	3.72	3.95	6.20	0.00
0.94	2.64	2.87	3.81	4.05	6.32	0.00
0.95	2.75	2.96	3.91	4.16	6.45	0.00
0.96	2.87	3.06	4.00	4.26	6.57	0.00
0.97	2.99	3.16	4.10	4.36	6.70	0.00
0.98	3.11	3.26	4.20	4.47	6.82	0.00
0.99	3.23	3.37	4.30	4.57	6.95	0.00
1.00	3.35	3.48	4.41	4.68	7.08	0.00
1.01	3.48	3.58	4.51	4.79	7.21	0.00
1.02	3.61	3.69	4.62	4.89	7.34	0.00
1.03	3.74	3.81	4.73	5.00	7.47	0.00
1.04	3.88	3.92	4.84	5.11	7.60	0.00
1.05	4.01	4.04	4.96	5.22	7.73	0.00
1.06	4.15	4.16	5.07	5.33	7.86	0.00
1.07	4.29	4.28	5.19	5.43	7.99	0.00
1.08	4.43	4.40	5.31	5.54	8.12	0.00
1.09	4.58	4.52	5.43	5.65	8.25	0.00
1.10	4.72	4.65	5.55	5.76	8.38	0.00
1.11	4.87	4.77	5.68	5.87	8.51	0.00
1.12	5.02	4.90	5.81	5.98	8.64	0.00
1.13	5.17	5.03	5.93	6.09	8.77	0.00
1.14	5.32	5.16	6.06	6.20	8.91	0.00
1.15	5.48	5.30	6.19	6.31	9.04	0.00
1.16	5.63	5.43	6.33	6.42	9.17	0.00
1.17	5.79	5.57	6.46	6.53	9.30	0.00
1.18	5.95	5.71	6.60	6.63	9.43	0.00
1.19	6.11	5.85	6.74	6.74	9.56	0.00
1.20	6.28	5.99	6.87	6.85	9.69	0.00
1.21	6.44	6.13	7.01	6.96	9.82	0.00
1.22	6.60	6.27	7.16	7.06	9.94	0.00
1.23	6.77	6.42	7.30	7.17	10.07	0.00
1.24	6.94	6.56	7.44	7.27	10.20	0.00
1.25	7.11	6.71	7.59	7.38	10.33	0.00
1.26	7.28	6.86	7.74	7.48	10.45	0.00
1.27	7.45	7.00	7.89	7.58	10.58	0.00
1.28	7.63	7.15	8.04	7.67	10.71	0.00
1.29	7.80	7.30	8.20	7.75	10.84	0.00
1.30	7.98	7.45	8.35	7.83	10.97	0.00
1.31	8.15	7.60	8.50	7.93	11.09	0.00
1.32	8.33	7.76	8.66	8.03	11.21	0.00
1.33	8.51	7.91	8.81	8.13	11.33	0.00
1.34	8.69	8.07	8.97	8.23	11.45	0.00
1.35	8.87	8.22	9.12	8.34	11.56	0.00
1.36	9.05	8.38	9.28	8.44	11.68	0.00
1.37	9.23	8.54	9.44	8.54	11.79	0.00
1.38	9.42	8.69	9.60	8.63	11.91	0.00
1.39	9.60	8.85	9.76	8.73	12.02	0.00
1.40	9.79	9.00	9.92	8.82	12.14	0.00
1.41	9.97	9.16	10.08	8.90	12.25	0.00
1.42	10.16	9.32	10.24	8.98	12.36	0.00
1.43	10.34	9.48	10.40	9.05	12.47	0.00
1.44	10.53	9.64	10.57	9.13	12.57	0.00
1.45	10.72	9.80	10.73	9.20	12.68	0.00
1.46	10.91	9.96	10.89	9.27	12.78	0.00
1.47	11.10	10.13	11.05	9.34	12.88	0.00
1.48	11.29	10.29	11.22	9.40	12.98	0.00
1.49	11.48	10.45	11.38	9.46	13.08	0.00
1.50	11.67	10.61	11.55	9.53	13.17	0.00
1.51	11.86	10.78	11.71	9.59	13.26	0.00
1.52	12.05	10.94	11.88	9.66	13.36	0.00
1.53	12.25	11.10	12.04	9.73	13.45	0.00
1.54	12.44	11.27	12.21	9.81	13.55	0.00
1.55	12.63	11.43	12.37	9.89	13.64	0.00
1.56	12.82	11.60	12.54	9.96	13.74	0.00
1.57	13.02	11.76	12.71	10.03	13.83	0.00
1.58	13.21	11.93	12.87	10.11	13.92	0.00
1.59	13.41	12.09	13.04	10.18	14.01	0.00
1.60	13.60	12.26	13.21	10.25	14.10	0.00
1.61	13.79	12.43	13.37	10.31	14.18	0.00
1.62	13.99	12.59	13.54	10.36	14.26	0.00
1.63	14.18	12.76	13.71	10.41	14.34	0.00
1.64	14.38	12.93	13.87	10.46	14.41	0.00
1.65	14.57	13.09	14.04	10.51	14.49	0.00
1.66	14.77	13.26	14.21	10.56	14.56	0.00
1.67	14.97	13.42	14.38	10.61	14.63	0.00
1.68	15.16	13.59	14.54	10.66	14.71	0.00
1.69	15.36	13.76	14.71	10.72	14.79	0.00
1.70	15.55	13.93	14.88	10.78	14.86	0.00
1.71	15.75	14.09	15.05	10.84	14.94	0.00
1.72	15.94	14.26	15.21	10.90	15.01	0.00
1.73	16.14	14.43	15.38	10.95	15.09	0.00
1.74	16.33	14.60	15.55	11.01	15.16	0.00
1.75	16.53	14.76	15.72	11.06	15.23	0.00
1.76	16.72	14.93	15.88	11.11	15.30	0.00
1.77	16.92	15.09	16.05	11.16	15.36	0.00
1.78	17.11	15.26	16.22	11.21	15.43	0.00
1.79	17.31	15.42	16.38	11.26	15.50	0.00
1.80	17.50	15.59	16.55	11.32	15.57	0.00
1.81	17.70	15.76	16.72	11.37	15.64	0.00
1.82	17.89	15.92	16.88	11.42	15.70	0.00
1.83	18.09	16.09	17.05	11.48	15.77	0.00
1.84	18.28	16.26	17.22	11.53	15.83	0.00
1.85	18.47	16.42	17.38	11.58	15.90	0.00
1.86	18.67	16.59	17.55	11.62	15.96	0.00
1.87	18.86	16.76	17.72	11.67	16.02	0.00
1.88	19.05	16.92	17.88	11.72	16.08	0.00
1.89	19.25	17.09	18.05	11.76	16.14	0.00
1.90	19.44	17.25	18.21	11.81	16.20	0.00
1.91	19.63	17.42	18.38	11.85	16.26	0.00
1.92	19.82	17.58	18.54	11.90	16.31	0.00
1.93	20.01	17.75	18.71	11.94	16.37	0.00
1.94	20.21	17.91	18.87	11.98	16.43	0.00
1.95	20.40	18.07	19.03	12.03	16.48	0.00
1.96	20.59	18.23	19.20	12.07	16.54	0.00
1.97	20.78	18.39	19.36	12.12	16.60	0.00
1.98	20.97	18.56	19.52	12.17	16.65	0.00
1.99	21.16	18.72	19.68	12.21	16.71	0.00
2.00	21.35	18.88	19.84	12.25	16.76	0.00
2.01	21.54	19.04	20.01	12.29	16.82	0.00
2.02	21.72	19.20	20.17	12.34	16.87	0.00
2.03	21.91	19.36	20.33	12.38	16.92	0.00
2.04	22.10	19.52	20.49	12.42	16.97	0.00
2.05	22.29	19.68	20.65	12.46	17.02	0.00
2.06	22.47	19.84	20.81	12.49	17.07	0.00
2.07	22.66	20.00	20.97	12.53	17.12	0.00
2.08	22.85	20.16	21.13	12.57	17.17	0.00
2.09	23.03	20.32	21.29	12.60	17.21	0.00
2.10	23.22	20.48	21.45	12.64	17.26	0.00
2.11	23.40	20.64	21.61	12.67	17.31	0.00
2.12	23.58	20.80	21.77	12.72	17.36	0.00
2.13	23.77	20.96	21.92	12.76	17.41	0.00
2.14	23.95	21.11	22.08	12.80	17.46	0.00
2.15	24.13	21.27	22.24	12.84	17.50	0.00
2.16	24.32	21.43	22.40	12.88	17.55	0.00
2.17	24.50	21.58	22.55	12.92	17.60	0.00
2.18	24.68	21.74	22.71	12.96	17.65	0.00
2.19	24.86	21.90	22.86	13.00	17.69	0.00
2.20	25.04	22.05	23.02	13.03	17.74	0.00
2.21	25.22	22.20	23.17	13.07	17.78	0.00
2.22	25.40	22.36	23.33	13.11	17.83	0.00
2.23	25.58	22.51	23.48	13.14	17.87	0.00
2.24	25.76	22.67	23.63	13.18	17.91	0.00
2.25	25.94	22.82	23.79	13.21	17.96	0.00
2.26	26.11	22.97	23.94	13.24	18.00	0.00
2.27	26.29	23.12	24.09	13.28	18.04	0.00
2.28	26.47	23.27	24.24	13.31	18.08	0.00
2.29	26.64	23.43	24.39	13.34	18.12	0.00
2.30	26.82	23.58	24.54	13.37	18.16	0.00
2.31	26.99	23.73	24.69	13.40	18.20	0.00
2.32	27.17	23.88	24.84	13.43	18.23	0.00
2.33	27.34	24.03	24.99	13.47	18.28	0.00
2.34	27.51	24.17	25.14	13.51	18.32	0.00
2.35	27.69	24.32	25.29	13.55	18.37	0.00
2.36	27.86	24.47	25.44	13.59	18.41	0.00
2.37	28.03	24.62	25.59	13.62	18.45	0.00
2.38	28.20	24.77	25.73	13.66	18.50	0.00
2.39	28.37	24.91	25.88	13.70	18.54	0.00
2.40	28.54	25.06	26.03	13.74	18.58	0.00
2.41	28.71	25.20	26.17	13.77	18.62	0.00
2.42	28.88	25.35	26.32	13.81	18.66	0.00
2.43	29.05	25.49	26.46	13.84	18.70	0.00
2.44	29.21	25.64	26.61	13.88	18.74	0.00
2.45	29.38	25.78	26.75	13.91	18.78	0.00
2.46	29.55	25.92	26.89	13.94	18.82	0.00
2.47	29.71	26.07	27.04	13.98	18.86	0.00
2.48	29.88	26.21	27.18	14.01	18.90	0.00
2.49	30.04	26.35	27.32	14.04	18.93	0.00
2.50	30.21	26.50	27.46	14.07	18.97	0.00
2.51	30.37	26.64	27.61	14.10	19.01	0.00
2.52	30.53	26.78	27.75	14.14	19.04	0.00
2.53	30.70	26.93	27.89	14.17	19.08	0.00
2.54	30.86	27.07	28.03	14.20	19.11	0.00
2.55	31.02	27.21	28.17	14.23	19.15	0.00
2.56	31.18	27.35	28.31	14.30	19.22	0.00
2.57	31.34	27.49	28.45	14.38	19.29	0.00
2.58	31.50	27.63	28.59	14.45	19.36	0.00
2.59	31.66	27.77	28.73	14.53	19.43	0.00
2.60	31.82	27.91	28.87	14.60	19.50	0.00
2.61	31.98	28.05	29.01	14.68	19.57	0.00
2.62	32.14	28.18	29.14	14.76	19.64	0.00
2.63	32.29	28.32	29.28	14.83	19.71	0.00
2.64	32.45	28.46	29.42	14.91	19.78	0.00
2.65	32.60	28.59	29.55	14.98	19.85	0.00
2.66	32.76	28.73	29.69	15.06	19.92	0.00
2.67	32.91	28.87	29.82	15.13	19.99	0.00
2.68	33.07	29.00	29.96	15.21	20.06	0.00
2.69	33.22	29.14	30.09	15.28	20.13	0.00
2.70	33.38	29.27	30.22	15.36	20.20	0.00
2.71	33.53	29.40	30.36	15.43	20.27	0.00
2.72	33.68	29.54	30.49	15.50	20.33	0.00
2.73	33.83	29.67	30.62	15.56	20.40	0.00
2.74	33.98	29.80	30.75	15.63	20.46	0.00
2.75	34.13	29.93	30.88	15.69	20.52	0.00
2.76	34.28	30.06	31.01	15.76	20.58	0.00
2.77	34.43	30.19	31.14	15.82	20.64	0.00
2.78	34.58	30.32	31.27	15.89	20.70	0.00
2.79	34.73	30.44	31.40	15.95	20.77	0.00
2.80	34.88	30.57	31.52	16.02	20.83	0.00
2.81	35.02	30.70	31.65	16.08	20.89	0.00
2.82	35.17	30.82	31.78	16.15	20.95	0.00
2.83	35.32	30.95	31.90	16.21	21.01	0.00
2.84	35.46	31.08	32.03	16.27	21.07	0.00
2.85	35.61	31.20	32.15	16.34	21.13	0.00
2.86	35.75	31.33	32.28	16.40	21.19	0.00
2.87	35.89	31.45	32.40	16.47	21.25	0.00
2.88	36.04	31.57	32.53	16.53	21.32	0.00
2.89	36.18	31.70	32.65	16.59	21.38	0.00
2.90	36.32	31.82	32.78	16.66	21.44	0.00
2.91	36.46	31.95	32.90	16.72	21.50	0.00
2.92	36.60	32.07	33.02	16.79	21.56	0.00
2.93	36.75	32.19	33.15	16.85	21.62	0.00
2.94	36.89	32.32	33.27	16.91	21.68	0.00
2.95	37.02	32.44	33.39	16.98	21.74	0.00
2.96	37.16	32.56	33.51	17.04	21.80	0.00
2.97	37.30	32.68	33.63	17.10	21.86	0.00
2.98	37.44	32.80	33.75	17.17	21.92	0.00
2.99	37.58	32.92	33.87	17.23	21.98	0.00
3.00	37.71	33.04	33.99	17.29	22.04	0.00
3.01	37.85	33.16	34.11	17.36	22.10	0.00
3.02	37.99	33.28	34.23	17.42	22.16	0.00
3.03	38.12	33.40	34.35	17.48	22.22	0.00
3.04	38.26	33.52	34.47	17.54	22.28	0.00
3.05	38.39	33.64	34.59	17.61	22.34	0.00
3.06	38.52	33.76	34.70	17.67	22.40	0.00
3.07	38.66	33.87	34.82	17.73	22.46	0.00
3.08	38.79	33.99	34.93	17.79	22.52	0.00
3.09	38.92	34.10	35.05	17.86	22.58	0.00
3.10	39.05	34.21	35.16	17.92	22.64	0.00
3.11	39.19	34.33	35.27	17.98	22.70	0.00
3.12	39.32	34.44	35.39	18.04	22.76	0.00
3.13	39.45	34.55	35.50	18.11	22.81	0.00
3.14	39.58	34.67	35.61	18.17	22.87	0.00
3.15	39.71	34.78	35.72	18.23	22.93	0.00
3.16	39.83	34.89	35.84	18.29	22.99	0.00
3.17	39.96	35.00	35.95	18.35	23.05	0.00
3.18	40.09	35.11	36.06	18.42	23.11	0.00
3.19	40.22	35.22	36.17	18.48	23.17	0.00
3.20	40.35	35.33	36.28	18.54	23.23	0.00
3.21	40.47	35.44	36.39	18.60	23.29	0.00
3.22	40.60	35.55	36.49	18.66	23.34	0.00
3.23	40.72	35.66	36.60	18.73	23.40	0.00
3.24	40.85	35.76	36.71	18.78	23.45	0.00
3.25	40.97	35.87	36.82	18.80	23.48	0.00
3.26	41.10	35.98	36.93	18.83	23.51	0.00
3.27	41.22	36.09	37.04	18.85	23.54	0.00
3.28	41.34	36.20	37.14	18.87	23.56	0.00
3.29	41.46	36.31	37.25	18.90	23.59	0.00
3.30	41.59	36.41	37.36	18.92	23.62	0.00
3.31	41.71	36.52	37.46	18.94	23.64	0.00
3.32	41.83	36.63	37.57	18.97	23.67	0.00
3.33	41.95	36.73	37.68	18.99	23.69	0.00
3.34	42.07	36.84	37.78	19.01	23.72	0.00
3.35	42.19	36.94	37.89	19.03	23.74	0.00
3.36	42.31	37.05	37.99	19.05	23.77	0.00
3.37	42.43	37.15	38.10	19.07	23.79	0.00
3.38	42.55	37.26	38.20	19.09	23.82	0.00
3.39	42.66	37.36	38.30	19.11	23.84	0.00
3.40	42.78	37.47	38.41	19.13	23.86	0.00
3.41	42.90	37.57	38.51	19.15	23.89	0.00
3.42	43.02	37.67	38.61	19.17	23.91	0.00
3.43	43.13	37.77	38.71	19.19	23.93	0.00
3.44	43.25	37.88	38.82	19.27	24.00	0.00
3.45	43.36	37.98	38.92	19.34	24.07	0.00
3.46	43.48	38.08	39.02	19.41	24.14	0.00
3.47	43.59	38.18	39.12	19.49	24.21	0.00
3.48	43.71	38.28	39.22	19.56	24.27	0.00
3.49	43.82	38.38	39.32	19.64	24.34	0.00
3.50	43.93	38.48	39.42	19.71	24.41	0.00
3.51	44.05	38.58	39.52	19.79	24.48	0.00
3.52	44.16	38.68	39.61	19.86	24.55	0.00
3.53	44.27	38.78	39.71	19.94	24.62	0.00
3.54	44.38	38.87	39.81	20.01	24.69	0.00
3.55	44.49	38.97	39.91	20.09	24.76	0.00
3.56	44.60	39.07	40.01	20.16	24.82	0.00
3.57	44.71	39.17	40.10	20.24	24.89	0.00
3.58	44.82	39.26	40.20	20.31	24.96	0.00
3.59	44.93	39.36	40.29	20.38	25.03	0.00
3.60	45.04	39.46	40.39	20.46	25.10	0.00
3.61	45.15	39.55	40.49	20.53	25.17	0.00
3.62	45.26	39.65	40.58	20.61	25.24	0.00
3.63	45.36	39.74	40.68	20.68	25.31	0.00
3.64	45.47	39.84	40.77	20.76	25.38	0.00
3.65	45.58	39.93	40.86	20.91	25.51	0.00
3.66	45.68	40.02	40.96	21.07	25.65	0.00
3.67	45.79	40.12	41.05	21.22	25.78	0.00
3.68	45.90	40.21	41.14	21.37	25.92	0.00
3.69	46.00	40.30	41.24	21.53	26.06	0.00
3.70	46.11	40.40	41.33	21.68	26.19	0.00
3.71	46.21	40.49	41.42	21.84	26.33	0.00
3.72	46.31	40.59	41.52	22.00	26.47	0.00
3.73	46.42	40.68	41.61	22.15	26.61	0.00
3.74	46.52	40.78	41.71	22.31	26.75	0.00
3.75	46.62	40.87	41.80	22.47	26.89	0.00
3.76	46.73	40.97	41.89	22.66	27.06	0.00
3.77	46.83	41.06	41.99	22.90	27.26	0.00
3.78	46.93	41.16	42.08	23.13	27.47	0.00
3.79	47.03	41.25	42.17	23.37	27.67	0.00
3.80	47.13	41.34	42.27	23.60	27.88	0.00
3.81	47.23	41.44	42.36	23.84	28.09	0.00
3.82	47.33	41.53	42.45	24.08	28.30	0.00
3.83	47.43	41.62	42.54	24.32	28.51	0.00
3.84	47.53	41.72	42.64	24.58	28.74	0.00
3.85	47.63	41.81	42.73	24.85	28.97	0.00
3.86	47.73	41.90	42.82	25.12	29.21	0.00
3.87	47.83	41.99	42.91	25.40	29.45	0.00
3.88	47.93	42.08	43.00	25.67	29.69	0.00
3.89	48.02	42.17	43.09	25.94	29.93	0.00
3.90	48.12	42.27	43.18	26.22	30.17	0.00
3.91	48.22	42.36	43.27	26.50	30.41	0.00
3.92	48.32	42.45	43.36	26.79	30.67	0.00
3.93	48.41	42.54	43.45	27.08	30.93	0.00
3.94	48.51	42.63	43.53	27.38	31.18	0.00
3.95	48.60	42.72	43.62	27.67	31.44	0.00
3.96	48.70	42.80	43.71	27.97	31.70	0.00
3.97	48.79	42.89	43.80	28.26	31.96	0.00
3.98	48.89	42.98	43.89	28.56	32.22	0.00
3.99	48.98	43.07	43.97	28.86	32.48	0.00
4.00	49.07	43.16	44.07	29.15	32.74	0.00
4.01	49.17	43.26	44.16	29.44	33.00	0.00
4.02	49.26	43.35	44.25	29.74	33.25	0.00
4.03	49.35	43.44	44.34	30.03	33.51	0.00
4.04	49.45	43.53	44.43	30.33	33.77	0.00
4.05	49.54	43.63	44.52	30.62	34.03	0.00
4.06	49.63	43.72	44.61	30.92	34.29	0.00
4.07	49.72	43.81	44.70	31.22	34.56	0.00
4.08	49.81	43.90	44.79	31.52	34.82	0.00
4.09	49.90	43.99	44.88	31.82	35.09	0.00
4.10	49.99	44.08	44.96	32.12	35.36	0.00
4.11	50.08	44.17	45.05	32.43	35.62	0.00
4.12	50.17	44.26	45.14	32.73	35.89	0.00
4.13	50.26	44.35	45.23	33.04	36.16	0.00
4.14	50.35	44.44	45.32	33.36	36.45	0.00
4.15	50.44	44.53	45.40	33.73	36.77	0.00
4.16	50.53	44.62	45.49	34.11	37.10	0.00
4.17	50.62	44.71	45.58	34.49	37.44	0.00
4.18	50.71	44.80	45.67	34.89	37.79	0.00
4.19	50.79	44.89	45.75	35.34	38.18	0.00
4.20	50.88	44.97	45.84	35.80	38.58	0.00
4.21	50.97	45.06	45.93	36.25	38.98	0.00
4.22	51.05	45.15	46.01	36.69	39.37	0.00
4.23	51.14	45.24	46.10	37.11	39.74	0.00
4.24	51.23	45.32	46.18	37.54	40.11	0.00
4.25	51.31	45.41	46.27	37.96	40.49	0.00
4.26	51.40	45.50	46.35	38.39	40.86	0.00
4.27	51.48	45.59	46.44	38.77	41.20	0.00
4.28	51.57	45.67	46.52	39.15	41.53	0.00
4.29	51.65	45.76	46.61	39.53	41.87	0.00
4.30	51.73	45.85	46.69	39.91	42.20	0.00
4.31	51.82	45.94	46.78	40.29	42.54	0.00
4.32	51.90	46.04	46.88	40.77	42.96	0.00
4.33	51.98	46.13	46.97	41.46	43.57	0.00
4.34	52.07	46.23	47.06	42.19	44.20	0.00
4.35	52.15	46.32	47.15	43.13	45.03	0.00
4.36	52.23	46.42	47.24	44.08	45.85	0.00
4.37	52.31	46.51	47.33	45.09	46.74	0.00
4.38	52.40	46.61	47.42	46.37	47.85	0.00
4.39	52.48	46.70	47.52	47.33	48.69	0.00
4.40	52.56	46.79	47.61	47.53	48.87	0.00
4.41	52.64	46.89	47.70	47.72	49.05	0.00
4.42	52.72	46.98	47.79	47.92	49.23	0.00
4.43	52.80	47.07	47.88	48.12	49.41	0.00
4.44	52.88	47.17	47.97	48.32	49.59	0.00
4.45	52.96	47.26	48.06	48.52	49.77	0.00
4.46	53.04	47.35	48.15	48.71	49.95	0.00
4.47	53.12	47.45	48.24	48.91	50.13	0.00
4.48	53.20	47.55	48.33	49.14	50.34	0.00
4.49	53.28	47.64	48.43	49.40	50.57	0.00
4.50	53.36	47.74	48.52	49.66	50.81	0.00
4.51	53.43	47.84	48.62	49.92	51.04	0.00
4.52	53.51	47.94	48.71	50.18	51.28	0.00
4.53	53.59	48.04	48.80	50.45	51.51	0.00
4.54	53.67	48.14	48.90	50.71	51.75	0.00
4.55	53.74	48.24	48.99	50.97	51.99	0.00
4.56	53.82	48.33	49.09	51.23	52.22	0.00
4.57	53.90	48.43	49.18	51.80	52.72	0.00
4.58	53.97	48.53	49.27	52.37	53.22	0.00
4.59	54.05	48.63	49.37	52.94	53.73	0.00
4.60	54.12	48.73	49.46	53.51	54.23	0.00
4.61	54.20	48.82	49.55	53.76	54.46	0.00
4.62	54.27	48.92	49.64	53.97	54.65	0.00
4.63	54.35	49.02	49.74	54.18	54.85	0.00
4.64	54.42	49.11	49.83	54.40	55.04	0.00
4.65	54.50	49.21	49.92	54.61	55.24	0.00
4.66	54.57	49.31	50.02	54.83	55.43	0.00
4.67	54.65	49.40	50.11	55.04	55.63	0.00
4.68	54.72	49.50	50.20	55.26	55.82	0.00
4.69	54.79	49.59	50.29	55.47	56.02	0.00
4.70	54.87	49.69	50.38	55.63	56.17	0.00
4.71	54.94	49.78	50.47	55.76	56.29	0.00
4.72	55.01	49.88	50.56	55.88	56.40	0.00
4.73	55.09	49.97	50.65	56.01	56.52	0.00
4.74	55.16	50.07	50.74	56.13	56.64	0.00
4.75	55.23	50.16	50.83	56.26	56.76	0.00
4.76	55.30	50.26	50.92	56.38	56.87	0.00
4.77	55.37	50.35	51.01	56.51	56.99	0.00
4.78	55.44	50.44	51.10	56.63	57.11	0.00
4.79	55.51	50.54	51.19	56.75	57.22	0.00
4.80	55.59	50.63	51.28	56.88	57.34	0.00
4.81	55.66	50.72	51.37	57.00	57.46	0.00
4.82	55.73	50.82	51.46	57.13	57.57	0.00
4.83	55.80	50.91	51.55	57.25	57.69	0.00
4.84	55.87	51.00	51.64	57.37	57.81	0.00
4.85	55.94	51.16	51.78	57.50	57.92	0.00
4.86	56.00	51.32	51.93	57.62	58.04	0.00
4.87	56.07	51.48	52.08	57.74	58.15	0.00
4.88	56.14	51.64	52.22	57.87	58.27	0.00
4.89	56.21	51.80	52.37	57.97	58.37	0.00
4.90	56.28	51.97	52.52	58.07	58.46	0.00
4.91	56.35	52.08	52.62	58.16	58.55	0.00
4.92	56.42	52.17	52.71	58.25	58.63	0.00
4.93	56.48	52.26	52.79	58.34	58.72	0.00
4.94	56.55	52.35	52.88	58.43	58.81	0.00
4.95	56.62	52.44	52.97	58.52	58.90	0.00
4.96	56.69	52.53	53.05	58.61	58.98	0.00
4.97	56.75	52.62	53.14	58.70	59.07	0.00
4.98	56.82	52.70	53.22	58.79	59.16	0.00
4.99	56.89	52.79	53.31	58.88	59.24	0.00
5.00	56.95	52.88	53.39	58.97	59.33	0.00
5.01	57.02	52.97	53.48	59.06	59.42	0.00
5.02	57.08	53.06	53.56	59.15	59.50	0.00
5.03	57.15	53.15	53.65	59.24	59.59	0.00
5.04	57.21	53.24	53.73	59.33	59.67	0.00
5.05	57.28	53.33	53.82	59.42	59.76	0.00
5.06	57.34	53.41	53.90	59.50	59.84	0.00
5.07	57.41	53.49	53.97	59.59	59.93	0.00
5.08	57.47	53.57	54.05	59.68	60.01	0.00
5.09	57.54	53.65	54.13	59.77	60.10	0.00
5.10	57.60	53.73	54.21	59.86	60.18	0.00
5.11	57.67	53.81	54.28	59.95	60.27	0.00
5.12	57.73	53.89	54.36	60.03	60.35	0.00
5.13	57.79	53.97	54.44	60.10	60.42	0.00
5.14	57.86	54.05	54.51	60.17	60.49	0.00
5.15	57.92	54.12	54.59	60.24	60.55	0.00
5.16	57.98	54.20	54.67	60.31	60.62	0.00
5.17	58.04	54.28	54.74	60.38	60.69	0.00
5.18	58.11	54.36	54.82	60.45	60.76	0.00
5.19	58.17	54.44	54.89	60.52	60.83	0.00
5.20	58.23	54.52	54.97	60.59	60.90	0.00
5.21	58.29	54.60	55.04	60.66	60.97	0.00
5.22	58.35	54.67	55.12	60.73	61.04	0.00
5.23	58.42	54.75	55.19	60.80	61.10	0.00
5.24	58.48	54.83	55.27	60.87	61.17	0.00
5.25	58.54	54.91	55.34	60.94	61.24	0.00
5.26	58.60	54.98	55.42	61.01	61.31	0.00
5.27	58.66	55.06	55.49	61.07	61.37	0.00
5.28	58.72	55.14	55.57	61.14	61.44	0.00
5.29	58.78	55.22	55.64	61.21	61.51	0.00
5.30	58.84	55.29	55.72	61.28	61.58	0.00
5.31	58.90	55.37	55.79	61.35	61.64	0.00
5.32	58.96	55.44	55.86	61.42	61.71	0.00
5.33	59.02	55.52	55.93	61.49	61.78	0.00
5.34	59.08	55.59	56.00	61.57	61.85	0.00
5.35	59.14	55.66	56.07	61.64	61.93	0.00
5.36	59.20	55.73	56.14	61.72	62.00	0.00
5.37	59.26	55.80	56.21	61.80	62.08	0.00
5.38	59.31	55.87	56.28	61.88	62.15	0.00
5.39	59.37	55.94	56.34	61.95	62.23	0.00
5.40	59.43	56.01	56.41	62.03	62.30	0.00
5.41	59.49	56.08	56.48	62.11	62.38	0.00
5.42	59.55	56.15	56.55	62.19	62.45	0.00
5.43	59.60	56.22	56.62	62.26	62.53	0.00
5.44	59.66	56.29	56.68	62.34	62.60	0.00
5.45	59.72	56.36	56.75	62.42	62.68	0.00
5.46	59.78	56.43	56.82	62.49	62.75	0.00
5.47	59.83	56.50	56.89	62.57	62.82	0.00
5.48	59.89	56.57	56.95	62.64	62.90	0.00
5.49	59.95	56.63	57.02	62.72	62.97	0.00
5.50	60.00	56.70	57.09	62.79	63.04	0.00
5.51	60.06	56.77	57.15	62.87	63.11	0.00
5.52	60.12	56.84	57.22	62.94	63.19	0.00
5.53	60.17	56.91	57.29	63.02	63.26	0.00
5.54	60.23	56.98	57.35	63.09	63.33	0.00
5.55	60.28	57.04	57.42	63.17	63.40	0.00
5.56	60.34	57.11	57.48	63.24	63.47	0.00
5.57	60.39	57.18	57.55	63.32	63.54	0.00
5.58	60.45	57.25	57.62	63.39	63.62	0.00
5.59	60.50	57.32	57.68	63.46	63.69	0.00
5.60	60.56	57.38	57.75	63.54	63.76	0.00
5.61	60.61	57.45	57.81	63.61	63.83	0.00
5.62	60.67	57.52	57.88	63.68	63.90	0.00
5.63	60.72	57.59	57.94	63.76	63.97	0.00
5.64	60.78	57.65	58.01	63.83	64.04	0.00
5.65	60.83	57.72	58.07	63.90	64.11	0.00
5.66	60.88	57.79	58.14	63.98	64.18	0.00
5.67	60.94	57.85	58.20	64.05	64.25	0.00
5.68	60.99	57.92	58.27	64.12	64.32	0.00
5.69	61.04	57.99	58.33	64.19	64.39	0.00
5.70	61.10	58.05	58.39	64.24	64.44	0.00
5.71	61.15	58.12	58.46	64.30	64.49	0.00
5.72	61.20	58.18	58.52	64.35	64.55	0.00
5.73	61.25	58.25	58.59	64.40	64.60	0.00
5.74	61.31	58.32	58.65	64.45	64.65	0.00
5.75	61.36	58.38	58.71	64.50	64.70	0.00
5.76	61.41	58.45	58.78	64.55	64.75	0.00
5.77	61.46	58.51	58.84	64.60	64.80	0.00
5.78	61.52	58.58	58.90	64.65	64.85	0.00
5.79	61.57	58.64	58.96	64.70	64.90	0.00
5.80	61.62	58.69	59.02	64.75	64.95	0.00
5.81	61.67	58.75	59.08	64.80	64.99	0.00
5.82	61.72	58.81	59.13	64.84	65.04	0.00
5.83	61.77	58.87	59.19	64.89	65.09	0.00
5.84	61.82	58.93	59.25	64.94	65.14	0.00
5.85	61.87	58.99	59.30	64.99	65.19	0.00
5.86	61.92	59.04	59.36	65.04	65.24	0.00
5.87	61.98	59.10	59.42	65.09	65.29	0.00
5.88	62.03	59.16	59.47	65.14	65.34	0.00
5.89	62.08	59.22	59.53	65.18	65.38	0.00
5.90	62.13	59.27	59.59	65.23	65.43	0.00
5.91	62.18	59.33	59.64	65.28	65.48	0.00
5.92	62.23	59.39	59.70	65.33	65.53	0.00
5.93	62.28	59.44	59.75	65.38	65.58	0.00
5.94	62.32	59.50	59.81	65.44	65.64	0.00
5.95	62.37	59.56	59.87	65.50	65.69	0.00
5.96	62.42	59.61	59.92	65.55	65.75	0.00
5.97	62.47	59.67	59.98	65.61	65.80	0.00
5.98	62.52	59.73	60.03	65.66	65.85	0.00
5.99	62.57	59.78	60.09	65.72	65.91	0.00
6.00	62.62	59.84	60.14	65.77	65.96	0.00
6.01	62.67	59.90	60.20	65.83	66.02	0.00
6.02	62.71	59.95	60.25	65.88	66.07	0.00
6.03	62.76	60.01	60.31	65.93	66.12	0.00
6.04	62.81	60.06	60.36	65.99	66.18	0.00
6.05	62.86	60.12	60.41	66.04	66.23	0.00
6.06	62.91	60.17	60.47	66.10	66.28	0.00
6.07	62.95	60.23	60.52	66.15	66.34	0.00
6.08	63.00	60.28	60.58	66.20	66.39	0.00
6.09	63.05	60.34	60.63	66.26	66.44	0.00
6.10	63.10	60.39	60.68	66.31	66.49	0.00
6.11	63.14	60.45	60.74	66.37	66.55	0.00
6.12	63.19	60.50	60.79	66.42	66.60	0.00
6.13	63.24	60.56	60.84	66.47	66.65	0.00
6.14	63.28	60.61	60.90	66.53	66.70	0.00
6.15	63.33	60.67	60.95	66.58	66.76	0.00
6.16	63.38	60.72	61.00	66.62	66.80	0.00
6.17	63.42	60.78	61.06	66.67	66.84	0.00
6.18	63.47	60.83	61.11	66.71	66.89	0.00
6.19	63.52	60.88	61.16	66.75	66.93	0.00
6.20	63.56	60.94	61.22	66.80	66.98	0.00
6.21	63.61	60.99	61.27	66.84	67.02	0.00
6.22	63.65	61.05	61.32	66.89	67.06	0.00
6.23	63.70	61.10	61.37	66.93	67.11	0.00
6.24	63.74	61.15	61.42	66.97	67.15	0.00
6.25	63.79	61.21	61.48	67.02	67.20	0.00
6.26	63.83	61.26	61.53	67.06	67.24	0.00
6.27	63.88	61.31	61.58	67.10	67.28	0.00
6.28	63.92	61.36	61.63	67.15	67.32	0.00
6.29	63.97	61.42	61.68	67.19	67.37	0.00
6.30	64.01	61.47	61.74	67.23	67.41	0.00
6.31	64.06	61.52	61.79	67.28	67.45	0.00
6.32	64.10	61.58	61.84	67.32	67.50	0.00
6.33	64.15	61.63	61.89	67.36	67.54	0.00
6.34	64.19	61.68	61.94	67.40	67.58	0.00
6.35	64.23	61.73	61.99	67.44	67.62	0.00
6.36	64.28	61.78	62.04	67.49	67.66	0.00
6.37	64.32	61.84	62.09	67.53	67.71	0.00
6.38	64.37	61.89	62.14	67.57	67.75	0.00
6.39	64.41	61.94	62.20	67.62	67.80	0.00
6.40	64.45	61.99	62.25	67.67	67.85	0.00
6.41	64.50	62.04	62.30	67.72	67.90	0.00
6.42	64.54	62.10	62.35	67.77	67.95	0.00
6.43	64.58	62.15	62.40	67.82	67.99	0.00
6.44	64.62	62.20	62.45	67.87	68.04	0.00
6.45	64.67	62.25	62.50	67.92	68.09	0.00
6.46	64.71	62.30	62.55	67.97	68.14	0.00
6.47	64.75	62.35	62.60	68.02	68.19	0.00
6.48	64.80	62.40	62.65	68.07	68.24	0.00
6.49	64.84	62.45	62.70	68.12	68.29	0.00
6.50	64.88	62.50	62.75	68.17	68.33	0.00
6.51	64.92	62.55	62.80	68.22	68.38	0.00
6.52	64.96	62.60	62.84	68.26	68.43	0.00
6.53	65.01	62.66	62.89	68.31	68.48	0.00
6.54	65.05	62.71	62.94	68.36	68.52	0.00
6.55	65.09	62.76	62.99	68.41	68.57	0.00
6.56	65.13	62.81	63.04	68.46	68.62	0.00
6.57	65.17	62.86	63.09	68.51	68.67	0.00
6.58	65.21	62.91	63.14	68.56	68.71	0.00
6.59	65.25	62.96	63.19	68.60	68.76	0.00
6.60	65.30	63.01	63.24	68.65	68.81	0.00
6.61	65.34	63.06	63.29	68.70	68.86	0.00
6.62	65.38	63.11	63.34	68.75	68.90	0.00
6.63	65.42	63.16	63.39	68.79	68.95	0.00
6.64	65.46	63.21	63.44	68.84	69.00	0.00
6.65	65.50	63.26	63.48	68.89	69.04	0.00
6.66	65.54	63.31	63.53	68.94	69.09	0.00
6.67	65.58	63.36	63.58	68.98	69.14	0.00
6.68	65.62	63.41	63.63	69.03	69.18	0.00
6.69	65.66	63.46	63.68	69.08	69.23	0.00
6.70	65.70	63.51	63.73	69.13	69.27	0.00
6.71	65.74	63.56	63.78	69.17	69.32	0.00
6.72	65.78	63.61	63.82	69.22	69.37	0.00
6.73	65.82	63.66	63.87	69.27	69.41	0.00
6.74	65.86	63.71	63.92	69.31	69.46	0.00
6.75	65.90	63.76	63.97	69.36	69.50	0.00
6.76	65.94	63.81	64.02	69.41	69.55	0.00
6.77	65.98	63.86	64.06	69.45	69.59	0.00
6.78	66.02	63.91	64.11	69.50	69.64	0.00
6.79	66.06	63.95	64.16	69.55	69.69	0.00
6.80	66.09	64.00	64.21	69.59	69.73	0.00
6.81	66.13	64.05	64.26	69.64	69.78	0.00
6.82	66.17	64.10	64.30	69.68	69.82	0.00
6.83	66.21	64.15	64.35	69.73	69.87	0.00
6.84	66.25	64.20	64.40	69.78	69.91	0.00
6.85	66.29	64.25	64.44	69.82	69.96	0.00
6.86	66.33	64.30	64.49	69.87	70.00	0.00
6.87	66.36	64.34	64.54	69.91	70.04	0.00
6.88	66.40	64.39	64.59	69.96	70.09	0.00
6.89	66.44	64.44	64.63	70.00	70.13	0.00
6.90	66.48	64.49	64.68	70.05	70.18	0.00
6.91	66.52	64.54	64.73	70.09	70.22	0.00
6.92	66.55	64.58	64.77	70.14	70.27	0.00
6.93	66.59	64.63	64.82	70.18	70.31	0.00
6.94	66.63	64.68	64.87	70.23	70.35	0.00
6.95	66.67	64.73	64.91	70.27	70.40	0.00
6.96	66.70	64.77	64.96	70.32	70.44	0.00
6.97	66.74	64.82	65.00	70.36	70.49	0.00
6.98	66.78	64.87	65.05	70.41	70.53	0.00
6.99	66.82	64.92	65.10	70.45	70.57	0.00
7.00	66.85	64.96	65.14	70.50	70.62	0.00
7.01	66.89	65.01	65.19	70.54	70.66	0.00
7.02	66.93	65.06	65.23	70.58	70.70	0.00
7.03	66.96	65.11	65.28	70.63	70.75	0.00
7.04	67.00	65.15	65.33	70.67	70.79	0.00
7.05	67.04	65.20	65.37	70.72	70.83	0.00
7.06	67.07	65.25	65.42	70.76	70.88	0.00
7.07	67.11	65.29	65.46	70.80	70.92	0.00
7.08	67.14	65.34	65.51	70.84	70.96	0.00
7.09	67.18	65.39	65.55	70.89	71.00	0.00
7.10	67.22	65.43	65.60	70.93	71.04	0.00
7.11	67.25	65.48	65.64	70.97	71.08	0.00
7.12	67.29	65.53	65.69	71.01	71.12	0.00
7.13	67.32	65.57	65.73	71.05	71.16	0.00
7.14	67.36	65.62	65.78	71.09	71.20	0.00
7.15	67.40	65.66	65.82	71.13	71.24	0.00
7.16	67.43	65.71	65.87	71.17	71.28	0.00
7.17	67.47	65.76	65.91	71.21	71.32	0.00
7.18	67.50	65.80	65.96	71.25	71.35	0.00
7.19	67.54	65.85	66.00	71.29	71.39	0.00
7.20	67.57	65.89	66.05	71.33	71.43	0.00
7.21	67.61	65.94	66.09	71.37	71.47	0.00
7.22	67.64	65.98	66.13	71.41	71.51	0.00
7.23	67.68	66.03	66.18	71.45	71.55	0.00
7.24	67.71	66.08	66.22	71.49	71.59	0.00
7.25	67.75	66.12	66.27	71.53	71.63	0.00
7.26	67.78	66.17	66.31	71.56	71.67	0.00
7.27	67.82	66.21	66.35	71.60	71.71	0.00
7.28	67.85	66.26	66.40	71.64	71.74	0.00
7.29	67.88	66.30	66.44	71.68	71.78	0.00
7.30	67.92	66.35	66.49	71.72	71.82	0.00
7.31	67.95	66.39	66.53	71.77	71.87	0.00
7.32	67.99	66.44	66.57	71.81	71.91	0.00
7.33	68.02	66.48	66.62	71.86	71.95	0.00
7.34	68.06	66.53	66.66	71.90	72.00	0.00
7.35	68.09	66.57	66.70	71.95	72.04	0.00
7.36	68.12	66.61	66.75	71.99	72.08	0.00
7.37	68.16	66.66	66.79	72.03	72.13	0.00
7.38	68.19	66.70	66.83	72.08	72.17	0.00
7.39	68.22	66.75	66.88	72.12	72.21	0.00
7.40	68.26	66.79	66.92	72.17	72.25	0.00
7.41	68.29	66.84	66.96	72.21	72.30	0.00
7.42	68.32	66.88	67.00	72.26	72.34	0.00
7.43	68.36	66.92	67.05	72.30	72.38	0.00
7.44	68.39	66.97	67.09	72.34	72.43	0.00
7.45	68.42	67.01	67.13	72.39	72.47	0.00
7.46	68.46	67.06	67.18	72.43	72.51	0.00
7.47	68.49	67.10	67.22	72.48	72.55	0.00
7.48	68.52	67.14	67.26	72.52	72.60	0.00
7.49	68.55	67.19	67.30	72.56	72.64	0.00
7.50	68.59	67.23	67.35	72.61	72.68	0.00
7.51	68.62	67.27	67.39	72.65	72.72	0.00
7.52	68.65	67.32	67.43	72.69	72.77	0.00
7.53	68.68	67.36	67.47	72.74	72.81	0.00
7.54	68.72	67.41	67.51	72.78	72.85	0.00
7.55	68.75	67.45	67.56	72.82	72.89	0.00
7.56	68.78	67.49	67.60	72.87	72.93	0.00
7.57	68.81	67.54	67.64	72.91	72.98	0.00
7.58	68.84	67.58	67.69	72.96	73.02	0.00
7.59	68.88	67.63	67.73	73.00	73.06	0.00
7.60	68.91	67.67	67.77	73.04	73.10	0.00
7.61	68.94	67.72	67.82	73.09	73.15	0.00
7.62	68.97	67.76	67.86	73.13	73.19	0.00
7.63	69.00	67.81	67.90	73.17	73.23	0.00
7.64	69.03	67.85	67.95	73.22	73.27	0.00
7.65	69.07	67.90	67.99	73.26	73.31	0.00
7.66	69.10	67.94	68.03	73.30	73.36	0.00
7.67	69.13	67.98	68.07	73.35	73.40	0.00
7.68	69.16	68.03	68.12	73.39	73.44	0.00
7.69	69.19	68.07	68.16	73.43	73.48	0.00
7.70	69.22	68.12	68.20	73.47	73.52	0.00
7.71	69.25	68.16	68.25	73.52	73.56	0.00
7.72	69.28	68.21	68.29	73.56	73.61	0.00
7.73	69.32	68.25	68.33	73.60	73.65	0.00
7.74	69.35	68.29	68.37	73.65	73.69	0.00
7.75	69.38	68.34	68.42	73.69	73.73	0.00
7.76	69.41	68.38	68.46	73.73	73.77	0.00
7.77	69.44	68.43	68.50	73.78	73.82	0.00
7.78	69.47	68.47	68.54	73.82	73.86	0.00
7.79	69.50	68.51	68.58	73.86	73.90	0.00
7.80	69.53	68.56	68.63	73.91	73.94	0.00
7.81	69.56	68.60	68.67	73.95	73.99	0.00
7.82	69.59	68.64	68.71	74.00	74.03	0.00
7.83	69.62	68.69	68.75	74.04	74.07	0.00
7.84	69.65	68.73	68.79	74.08	74.11	0.00
7.85	69.68	68.77	68.84	74.13	74.16	0.00
7.86	69.71	68.82	68.88	74.17	74.20	0.00
7.87	69.74	68.86	68.92	74.22	74.24	0.00
7.88	69.77	68.90	68.96	74.26	74.28	0.00
7.89	69.80	68.95	69.00	74.30	74.32	0.00
7.90	69.83	68.99	69.04	74.35	74.37	0.00
7.91	69.86	69.03	69.09	74.39	74.41	0.00
7.92	69.89	69.08	69.13	74.43	74.45	0.00
7.93	69.92	69.12	69.17	74.48	74.49	0.00
7.94	69.95	69.16	69.21	74.52	74.53	0.00
7.95	69.98	69.20	69.25	74.56	74.57	0.00
7.96	70.01	69.25	69.29	74.60	74.62	0.00
7.97	70.03	69.29	69.33	74.65	74.66	0.00
7.98	70.06	69.33	69.38	74.69	74.70	0.00
7.99	70.09	69.37	69.42	74.73	74.74	0.00
8.00	70.12	69.42	69.46	74.77	74.77	0.00
8.01	70.15	69.46	69.50	74.80	74.81	0.00
8.02	70.18	69.50	69.54	74.83	74.84	0.00
8.03	70.21	69.54	69.58	74.87	74.87	0.00
8.04	70.24	69.59	69.62	74.90	74.91	0.00
8.05	70.27	69.63	69.66	74.94	74.94	0.00
8.06	70.29	69.67	69.70	74.97	74.97	0.00
8.07	70.32	69.71	69.74	75.00	75.01	0.00
8.08	70.35	69.76	69.78	75.04	75.04	0.00
8.09	70.38	69.80	69.82	75.07	75.07	0.00
8.10	70.41	69.84	69.86	75.11	75.11	0.00
8.11	70.44	69.88	69.91	75.14	75.14	0.00
8.12	70.46	69.92	69.95	75.17	75.17	0.00
8.13	70.49	69.96	69.99	75.21	75.21	0.00
8.14	70.52	70.01	70.03	75.24	75.24	0.00
8.15	70.55	70.05	70.07	75.27	75.27	0.00
8.16	70.58	70.09	70.11	75.31	75.30	0.00
8.17	70.60	70.13	70.15	75.34	75.34	0.00
8.18	70.63	70.15	70.16	75.37	75.37	0.00
8.19	70.66	70.14	70.16	75.41	75.40	0.00
8.20	70.69	70.14	70.16	75.44	75.43	0.00
8.21	70.71	70.13	70.16	75.47	75.47	0.00
8.22	70.74	70.13	70.16	75.49	75.49	0.00
8.23	70.77	70.12	70.15	75.49	75.49	0.00
8.24	70.80	70.11	70.15	75.48	75.48	0.00
8.25	70.82	70.11	70.15	75.47	75.48	0.00
8.26	70.85	70.10	70.15	75.47	75.47	0.00
8.27	70.88	70.10	70.14	75.46	75.47	0.00
8.28	70.91	70.09	70.14	75.45	75.47	0.00
8.29	70.93	70.08	70.14	75.45	75.46	0.00
8.30	70.96	70.08	70.14	75.44	75.46	0.00
8.31	70.99	70.07	70.13	75.43	75.46	0.00
8.32	71.01	70.06	70.13	75.42	75.45	0.00
8.33	71.04	70.06	70.13	75.42	75.45	0.00
8.34	71.07	70.05	70.12	75.41	75.44	0.00
8.35	71.09	70.04	70.12	75.40	75.44	0.00
8.36	71.12	70.04	70.12	75.39	75.43	0.00
8.37	71.15	70.03	70.11	75.38	75.43	0.00
8.38	71.17	70.02	70.11	75.38	75.42	0.00
8.39	71.20	70.01	70.11	75.37	75.42	0.00
8.40	71.23	70.01	70.10	75.36	75.41	0.00
8.41	71.25	70.00	70.10	75.35	75.41	0.00
8.42	71.28	69.99	70.10	75.34	75.40	0.00
8.43	71.31	69.99	70.09	75.33	75.40	0.00
8.44	71.33	69.98	70.09	75.33	75.39	0.00
8.45	71.36	69.97	70.08	75.32	75.39	0.00
8.46	71.39	69.96	70.08	75.31	75.38	0.00
8.47	71.41	69.95	70.07	75.29	75.37	0.00
8.48	71.44	69.95	70.07	75.17	75.26	0.00
8.49	71.46	69.94	70.07	75.05	75.16	0.00
8.50	71.49	69.93	70.06	74.93	75.06	0.00
8.51	71.52	69.92	70.06	74.81	74.95	0.00
8.52	71.54	69.91	70.05	74.70	74.85	0.00
8.53	71.57	69.91	70.05	74.58	74.74	0.00
8.54	71.59	69.90	70.04	74.46	74.64	0.00
8.55	71.62	69.89	70.04	74.34	74.53	0.00
8.56	71.64	69.88	70.03	74.22	74.43	0.00
8.57	71.67	69.87	70.03	74.10	74.32	0.00
8.58	71.69	69.86	70.02	73.98	74.21	0.00
8.59	71.72	69.85	70.02	73.86	74.11	0.00
8.60	71.74	69.84	70.01	73.74	74.00	0.00
8.61	71.77	69.84	70.01	73.62	73.90	0.00
8.62	71.80	69.83	70.00	73.50	73.79	0.00
8.63	71.82	69.82	70.00	73.38	73.68	0.00
8.64	71.85	69.81	69.99	73.26	73.58	0.00
8.65	71.87	69.80	69.98	73.15	73.49	0.00
8.66	71.90	69.79	69.98	73.05	73.39	0.00
8.67	71.92	69.78	69.97	72.94	73.30	0.00
8.68	71.95	69.77	69.97	72.84	73.21	0.00
8.69	71.97	69.76	69.96	72.73	73.12	0.00
8.70	72.00	69.74	69.94	72.62	73.02	0.00
8.71	72.02	69.71	69.92	72.52	72.93	0.00
8.72	72.04	69.69	69.90	72.41	72.84	0.00
8.73	72.07	69.66	69.88	72.31	72.74	0.00
8.74	72.09	69.64	69.87	72.20	72.65	0.00
8.75	72.12	69.62	69.85	72.09	72.56	0.00
8.76	72.14	69.59	69.83	71.99	72.46	0.00
8.77	72.17	69.57	69.81	71.88	72.37	0.00
8.78	72.19	69.54	69.79	71.76	72.27	0.00
8.79	72.22	69.52	69.77	71.65	72.16	0.00
8.80	72.24	69.50	69.75	71.53	72.06	0.00
8.81	72.26	69.47	69.73	71.41	71.95	0.00
8.82	72.29	69.43	69.70	71.29	71.85	0.00
8.83	72.31	69.38	69.66	71.17	71.74	0.00
8.84	72.34	69.33	69.61	71.05	71.64	0.00
8.85	72.36	69.27	69.56	70.94	71.53	0.00
8.86	72.38	69.22	69.52	70.82	71.43	0.00
8.87	72.41	69.17	69.47	70.70	71.32	0.00
8.88	72.43	69.11	69.43	70.58	71.22	0.00
8.89	72.46	69.06	69.38	70.46	71.11	0.00
8.90	72.48	69.00	69.34	70.34	71.01	0.00
8.91	72.50	68.32	68.73	70.22	70.91	0.00
8.92	72.53	68.33	68.74	70.12	70.81	0.00
8.93	72.55	68.33	68.74	70.01	70.71	0.00
8.94	72.57	68.34	68.75	69.90	70.62	0.00
8.95	72.60	68.34	68.76	69.79	70.52	0.00
8.96	72.62	68.35	68.76	69.68	70.42	0.00
8.97	72.64	68.35	68.77	69.57	70.33	0.00
8.98	72.67	68.35	68.77	69.46	70.23	0.00
8.99	72.69	68.36	68.78	69.35	70.13	0.00
9.00	72.71	68.36	68.79	69.24	70.04	0.00
9.01	72.74	68.37	68.79	69.13	69.94	0.00
9.02	72.76	68.37	68.80	69.02	69.84	0.00
9.03	72.78	68.37	68.80	68.91	69.74	0.00
9.04	72.81	68.38	68.81	68.80	69.65	0.00
9.05	72.83	68.38	68.81	68.70	69.55	0.00
9.06	72.85	68.39	68.82	68.59	69.46	0.00
9.07	72.88	68.39	68.83	68.49	69.37	0.00
9.08	72.90	68.39	68.83	68.38	69.28	0.00
9.09	72.92	68.40	68.84	68.28	69.19	0.00
9.10	72.94	68.40	68.84	68.17	69.09	0.00
9.11	72.97	68.40	68.85	68.07	69.00	0.00
9.12	72.99	68.41	68.85	67.96	68.91	0.00
9.13	73.01	68.41	68.86	67.86	68.81	0.00
9.14	73.04	68.41	68.86	67.75	68.72	0.00
9.15	73.06	68.42	68.87	67.65	68.63	0.00
9.16	73.08	68.42	68.87	67.54	68.53	0.00
9.17	73.10	68.42	68.88	67.44	68.44	0.00
9.18	73.13	67.36	67.93	67.33	68.35	0.00
9.19	73.15	66.73	67.37	67.22	68.25	0.00
9.20	73.17	66.70	67.35	67.11	68.15	0.00
9.21	73.19	66.68	67.32	67.00	68.05	0.00
9.22	73.21	66.65	67.30	66.89	67.95	0.00
9.23	73.24	66.62	67.28	66.78	67.86	0.00
9.24	73.26	66.59	67.25	66.67	67.76	0.00
9.25	73.28	66.57	67.23	66.56	67.66	0.00
9.26	73.30	66.54	67.21	66.44	67.56	0.00
9.27	73.33	66.51	67.19	66.33	67.46	0.00
9.28	73.35	66.48	67.16	66.22	67.36	0.00
9.29	73.37	66.45	67.14	66.11	67.27	0.00
9.30	73.39	66.42	67.12	66.00	67.17	0.00
9.31	73.41	66.40	67.09	65.89	67.07	0.00
9.32	73.43	66.37	67.07	65.78	66.97	0.00
9.33	73.46	66.34	67.05	65.67	66.87	0.00
9.34	73.48	66.31	67.02	65.56	66.78	0.00
9.35	73.50	66.28	67.00	65.45	66.68	0.00
9.36	73.52	66.25	66.97	65.34	66.59	0.00
9.37	73.54	66.22	66.95	65.24	66.49	0.00
9.38	73.56	66.19	66.93	65.13	66.39	0.00
9.39	73.59	66.17	66.90	65.02	66.30	0.00
9.40	73.61	66.14	66.88	64.91	66.20	0.00
9.41	73.63	66.11	66.85	64.81	66.11	0.00
9.42	73.65	66.08	66.83	64.70	66.01	0.00
9.43	73.67	66.05	66.81	64.59	65.92	0.00
9.44	73.69	66.02	66.78	64.48	65.82	0.00
9.45	73.71	65.99	66.76	64.37	65.72	0.00
9.46	73.73	65.96	66.73	64.27	65.63	0.00
9.47	73.76	65.93	66.71	64.16	65.53	0.00
9.48	73.78	65.90	66.68	64.05	65.43	0.00
9.49	73.80	65.87	66.66	63.96	65.35	0.00
9.50	73.82	65.84	66.63	63.87	65.27	0.00
9.51	73.84	65.81	66.61	63.77	65.19	0.00
9.52	73.86	65.78	66.58	63.68	65.11	0.00
9.53	73.88	65.75	66.56	63.59	65.03	0.00
9.54	73.90	65.72	66.53	63.50	64.95	0.00
9.55	73.92	65.69	66.51	63.41	64.87	0.00
9.56	73.94	65.66	66.48	63.32	64.79	0.00
9.57	73.97	65.63	66.46	63.23	64.71	0.00
9.58	73.99	65.60	66.43	63.14	64.63	0.00
9.59	74.01	65.57	66.41	63.05	64.55	0.00
9.60	74.03	65.54	66.38	62.95	64.46	0.00
9.61	74.05	65.51	66.36	62.86	64.38	0.00
9.62	74.07	65.48	66.33	62.77	64.30	0.00
9.63	74.09	65.46	66.32	62.68	64.22	0.00
9.64	74.11	65.46	66.32	62.59	64.14	0.00
9.65	74.13	65.45	66.31	62.49	64.06	0.00
9.66	74.15	65.45	66.31	62.44	64.01	0.00
9.67	74.17	65.44	66.31	62.39	63.97	0.00
9.68	74.19	65.44	66.30	62.35	63.93	0.00
9.69	74.21	65.43	66.30	62.30	63.89	0.00
9.70	74.23	65.43	66.30	62.26	63.85	0.00
9.71	74.25	65.42	66.30	62.21	63.81	0.00
9.72	74.27	65.42	66.29	62.17	63.77	0.00
9.73	74.29	65.41	66.29	62.13	63.73	0.00
9.74	74.31	65.40	66.29	62.08	63.70	0.00
9.75	74.33	65.40	66.28	62.04	63.66	0.00
9.76	74.35	65.39	66.28	61.99	63.62	0.00
9.77	74.37	65.39	66.27	61.95	63.58	0.00
9.78	74.39	65.38	66.27	61.90	63.54	0.00
9.79	74.41	65.37	66.27	61.86	63.50	0.00
9.80	74.43	65.37	66.26	61.81	63.46	0.00
9.81	74.45	65.36	66.26	61.77	63.42	0.00
9.82	74.47	65.36	66.26	61.72	63.38	0.00
9.83	74.49	65.35	66.25	61.68	63.34	0.00
9.84	74.51	65.34	66.25	61.63	63.30	0.00
9.85	74.53	65.34	66.25	61.59	63.26	0.00
9.86	74.55	65.33	66.24	61.54	63.22	0.00
9.87	74.57	65.32	66.24	61.53	63.21	0.00
9.88	74.59	65.32	66.23	61.54	63.22	0.00
9.89	74.61	65.31	66.23	61.54	63.23	0.00
9.90	74.63	65.30	66.22	61.55	63.24	0.00
9.91	74.65	65.30	66.22	61.56	63.25	0.00
9.92	74.67	65.29	66.22	61.57	63.26	0.00
9.93	74.68	65.29	66.21	61.57	63.27	0.00
9.94	74.70	65.28	66.21	61.58	63.27	0.00
9.95	74.72	65.27	66.20	61.59	63.28	0.00
9.96	74.74	65.26	66.20	61.60	63.29	0.00
9.97	74.76	65.26	66.19	61.61	63.30	0.00
9.98	74.78	65.25	66.19	61.61	63.31	0.00
9.99	74.80	65.24	66.19	61.62	63.32	0.00
10.00	74.82	65.24	66.18	61.63	63.32	0.00
10.01	74.84	65.23	66.18	61.64	63.33	0.00
10.02	74.86	65.22	66.17	61.64	63.34	0.00
10.03	74.88	65.22	66.17	61.65	63.35	0.00
10.04	74.89	65.21	66.16	61.66	63.36	0.00
10.05	74.91	65.20	66.16	61.67	63.36	0.00
10.06	74.93	65.19	66.15	61.67	63.37	0.00
10.07	74.95	65.19	66.15	61.68	63.38	0.00
10.08	74.97	65.18	66.14	61.69	63.39	0.00
10.09	74.99	65.17	66.14	61.70	63.40	0.00
10.10	75.01	65.17	66.13	61.73	63.43	0.00
10.11	75.03	65.16	66.13	61.78	63.48	0.00
10.12	75.04	65.15	66.12	61.84	63.53	0.00
10.13	75.06	65.14	66.12	61.89	63.58	0.00
10.14	75.08	65.14	66.11	61.94	63.63	0.00
10.15	75.10	65.13	66.11	62.00	63.68	0.00
10.16	75.12	65.12	66.10	62.05	63.73	0.00
10.17	75.14	65.11	66.10	62.10	63.77	0.00
10.18	75.16	65.10	66.09	62.16	63.82	0.00
10.19	75.17	65.10	66.09	62.21	63.87	0.00
10.20	75.19	65.09	66.08	62.26	63.92	0.00
10.21	75.21	65.08	66.08	62.31	63.97	0.00
10.22	75.23	65.07	66.07	62.37	64.02	0.00
10.23	75.25	65.07	66.06	62.42	64.07	0.00
10.24	75.27	65.06	66.06	62.47	64.12	0.00
10.25	75.28	65.06	66.07	62.53	64.17	0.00
10.26	75.30	65.09	66.09	62.58	64.22	0.00
10.27	75.32	65.12	66.12	62.63	64.27	0.00
10.28	75.34	65.16	66.15	62.69	64.32	0.00
10.29	75.36	65.19	66.18	62.74	64.37	0.00
10.30	75.37	65.22	66.21	62.79	64.41	0.00
10.31	75.39	65.25	66.24	62.84	64.46	0.00
10.32	75.41	65.28	66.27	62.90	64.51	0.00
10.33	75.43	65.31	66.30	62.97	64.58	0.00
10.34	75.45	65.34	66.33	63.05	64.65	0.00
10.35	75.46	65.37	66.36	63.13	64.72	0.00
10.36	75.48	65.40	66.39	63.20	64.80	0.00
10.37	75.50	65.43	66.42	63.28	64.87	0.00
10.38	75.52	65.46	66.44	63.36	64.94	0.00
10.39	75.54	65.49	66.47	63.44	65.02	0.00
10.40	75.55	65.52	66.50	63.52	65.09	0.00
10.41	75.57	65.55	66.53	63.60	65.16	0.00
10.42	75.59	65.58	66.56	63.68	65.23	0.00
10.43	75.61	65.61	66.59	63.76	65.31	0.00
10.44	75.62	65.64	66.62	63.84	65.38	0.00
10.45	75.64	65.67	66.65	63.92	65.45	0.00
10.46	75.66	65.70	66.68	63.99	65.52	0.00
10.47	75.68	65.74	66.70	64.07	65.60	0.00
10.48	75.69	65.77	66.73	64.15	65.67	0.00
10.49	75.71	65.80	66.76	64.23	65.74	0.00
10.50	75.73	65.83	66.79	64.31	65.82	0.00
10.51	75.75	65.86	66.82	64.39	65.89	0.00
10.52	75.76	65.89	66.85	64.47	65.96	0.00
10.53	75.78	65.92	66.88	64.55	66.03	0.00
10.54	75.80	65.95	66.91	64.63	66.11	0.00
10.55	75.81	65.98	66.93	64.71	66.18	0.00
10.56	75.83	66.01	66.96	64.79	66.26	0.00
10.57	75.85	66.04	66.99	64.89	66.35	0.00
10.58	75.87	66.07	67.02	64.98	66.43	0.00
10.59	75.88	66.10	67.05	65.07	66.52	0.00
10.60	75.90	66.13	67.08	65.16	66.60	0.00
10.61	75.92	66.16	67.11	65.25	66.69	0.00
10.62	75.93	66.19	67.13	65.35	66.77	0.00
10.63	75.95	66.22	67.16	65.44	66.85	0.00
10.64	75.97	66.25	67.19	65.53	66.94	0.00
10.65	75.99	66.28	67.22	65.62	67.02	0.00
10.66	76.00	66.31	67.25	65.72	67.11	0.00
10.67	76.02	66.34	67.28	65.81	67.19	0.00
10.68	76.04	66.37	67.30	65.90	67.28	0.00
10.69	76.05	66.40	67.33	65.99	67.36	0.00
10.70	76.07	66.43	67.36	66.09	67.45	0.00
10.71	76.09	66.46	67.39	66.18	67.53	0.00
10.72	76.10	66.49	67.42	66.27	67.62	0.00
10.73	76.12	66.52	67.45	66.36	67.70	0.00
10.74	76.14	66.55	67.47	66.45	67.79	0.00
10.75	76.15	66.58	67.50	66.55	67.87	0.00
10.76	76.17	66.61	67.53	66.64	67.96	0.00
10.77	76.19	66.64	67.56	66.73	68.04	0.00
10.78	76.20	66.67	67.59	66.82	68.13	0.00
10.79	76.22	66.70	67.62	66.92	68.22	0.00
10.80	76.24	66.73	67.64	67.02	68.31	0.00
10.81	76.25	66.75	67.67	67.12	68.40	0.00
10.82	76.27	66.78	67.70	67.23	68.50	0.00
10.83	76.28	66.81	67.73	67.33	68.59	0.00
10.84	76.30	66.84	67.76	67.43	68.68	0.00
10.85	76.32	66.87	67.78	67.53	68.78	0.00
10.86	76.33	66.90	67.81	67.63	68.87	0.00
10.87	76.35	66.93	67.84	67.73	68.96	0.00
10.88	76.37	66.96	67.87	67.83	69.05	0.00
10.89	76.38	66.99	67.90	67.93	69.15	0.00
10.90	76.40	67.02	67.92	68.03	69.24	0.00
10.91	76.41	67.05	67.95	68.14	69.33	0.00
10.92	76.43	67.08	67.98	68.24	69.43	0.00
10.93	76.45	67.11	68.01	68.34	69.52	0.00
10.94	76.46	67.14	68.04	68.44	69.61	0.00
10.95	76.48	67.17	68.06	68.54	69.70	0.00
10.96	76.49	67.20	68.09	68.64	69.80	0.00
10.97	76.51	67.23	68.12	68.74	69.89	0.00
10.98	76.53	67.26	68.15	68.84	69.98	0.00
10.99	76.54	67.29	68.18	68.94	70.08	0.00
11.00	76.56	67.32	68.21	69.05	70.17	0.00
11.01	76.57	67.35	68.23	69.14	70.26	0.00
11.02	76.59	67.38	68.26	69.21	70.32	0.00
11.03	76.61	67.41	68.29	69.28	70.38	0.00
11.04	76.62	67.44	68.32	69.34	70.44	0.00
11.05	76.64	67.47	68.35	69.41	70.51	0.00
11.06	76.65	67.50	68.38	69.48	70.57	0.00
11.07	76.67	67.53	68.40	69.55	70.63	0.00
11.08	76.68	67.56	68.43	69.61	70.69	0.00
11.09	76.70	67.59	68.46	69.68	70.76	0.00
11.10	76.72	67.62	68.49	69.75	70.82	0.00
11.11	76.73	67.65	68.52	69.82	70.88	0.00
11.12	76.75	67.68	68.54	69.88	70.94	0.00
11.13	76.76	67.71	68.57	69.95	71.01	0.00
11.14	76.78	67.74	68.60	70.02	71.07	0.00
11.15	76.79	67.76	68.63	70.09	71.13	0.00
11.16	76.81	67.79	68.66	70.15	71.19	0.00
11.17	76.82	67.82	68.68	70.22	71.26	0.00
11.18	76.84	67.85	68.71	70.29	71.32	0.00
11.19	76.86	67.88	68.74	70.36	71.38	0.00
11.20	76.87	67.91	68.77	70.42	71.44	0.00
11.21	76.89	67.94	68.80	70.50	71.51	0.00
11.22	76.90	67.97	68.82	70.58	71.59	0.00
11.23	76.92	68.00	68.85	70.67	71.67	0.00
11.24	76.93	68.03	68.88	70.75	71.74	0.00
11.25	76.95	68.06	68.91	70.83	71.82	0.00
11.26	76.96	68.09	68.94	70.91	71.90	0.00
11.27	76.98	68.12	68.96	71.00	71.97	0.00
11.28	76.99	68.15	68.99	71.08	72.05	0.00
11.29	77.01	68.18	69.02	71.16	72.12	0.00
11.30	77.02	68.21	69.05	71.25	72.20	0.00
11.31	77.04	68.24	69.07	71.33	72.28	0.00
11.32	77.05	68.27	69.10	71.41	72.35	0.00
11.33	77.07	68.30	69.13	71.49	72.43	0.00
11.34	77.08	68.32	69.16	71.58	72.51	0.00
11.35	77.10	68.35	69.19	71.66	72.58	0.00
11.36	77.11	68.38	69.21	71.74	72.66	0.00
11.37	77.13	68.41	69.24	71.83	72.73	0.00
11.38	77.14	68.44	69.27	71.91	72.81	0.00
11.39	77.16	68.47	69.30	71.99	72.89	0.00
11.40	77.17	68.50	69.32	72.07	72.96	0.00
11.41	77.19	68.53	69.35	72.16	73.04	0.00
11.42	77.20	68.56	69.38	72.24	73.12	0.00
11.43	77.22	68.59	69.41	72.30	73.17	0.00
11.44	77.23	68.62	69.43	72.35	73.22	0.00
11.45	77.25	68.65	69.46	72.39	73.26	0.00
11.46	77.26	68.68	69.49	72.44	73.30	0.00
11.47	77.28	68.70	69.52	72.49	73.35	0.00
11.48	77.29	68.73	69.54	72.54	73.39	0.00
11.49	77.30	68.76	69.57	72.58	73.44	0.00
11.50	77.32	68.79	69.60	72.63	73.48	0.00
11.51	77.33	68.82	69.63	72.68	73.53	0.00
11.52	77.35	68.85	69.65	72.73	73.57	0.00
11.53	77.36	68.88	69.68	72.77	73.61	0.00
11.54	77.38	68.91	69.71	72.82	73.66	0.00
11.55	77.39	68.94	69.74	72.87	73.70	0.00
11.56	77.41	68.97	69.76	72.92	73.75	0.00
11.57	77.42	68.99	69.79	72.97	73.79	0.00
11.58	77.44	69.04	69.83	73.01	73.84	0.00
11.59	77.45	69.08	69.87	73.06	73.88	0.00
11.60	77.46	69.12	69.91	73.11	73.93	0.00
11.61	77.48	69.16	69.94	73.16	73.97	0.00
11.62	77.49	69.20	69.98	73.20	74.01	0.00
11.63	77.51	69.24	70.02	73.25	74.06	0.00
11.64	77.52	69.28	70.06	73.30	74.10	0.00
11.65	77.54	69.32	70.10	73.35	74.15	0.00
11.66	77.55	69.36	70.13	73.39	74.19	0.00
11.67	77.56	69.40	70.17	73.45	74.24	0.00
11.68	77.58	69.44	70.21	73.50	74.29	0.00
11.69	77.59	69.48	70.25	73.56	74.34	0.00
11.70	77.61	69.52	70.29	73.61	74.40	0.00
11.71	77.62	69.57	70.32	73.67	74.45	0.00
11.72	77.63	69.61	70.36	73.73	74.50	0.00
11.73	77.65	69.65	70.40	73.78	74.55	0.00
11.74	77.66	69.69	70.44	73.84	74.60	0.00
11.75	77.68	69.73	70.48	73.89	74.66	0.00
11.76	77.69	69.77	70.51	73.95	74.71	0.00
11.77	77.70	69.81	70.55	74.00	74.76	0.00
11.78	77.72	69.85	70.59	74.06	74.81	0.00
11.79	77.73	69.89	70.63	74.12	74.86	0.00
11.80	77.75	69.93	70.66	74.17	74.91	0.00
11.81	77.76	69.97	70.70	74.23	74.97	0.00
11.82	77.77	70.01	70.74	74.28	75.02	0.00
11.83	77.79	70.05	70.78	74.34	75.07	0.00
11.84	77.80	70.09	70.82	74.40	75.12	0.00
11.85	77.82	70.13	70.85	74.45	75.17	0.00
11.86	77.83	70.17	70.89	74.51	75.23	0.00
11.87	77.84	70.21	70.93	74.56	75.28	0.00
11.88	77.86	70.26	70.97	74.62	75.33	0.00
11.89	77.87	70.30	71.00	74.68	75.38	0.00
11.90	77.88	70.34	71.04	74.72	75.43	0.00
11.91	77.90	70.37	71.07	74.77	75.47	0.00
11.92	77.91	70.38	71.09	74.81	75.51	0.00
11.93	77.93	70.40	71.11	74.86	75.55	0.00
11.94	77.94	70.42	71.12	74.90	75.59	0.00
11.95	77.95	70.44	71.14	74.94	75.63	0.00
11.96	77.97	70.45	71.16	74.99	75.67	0.00
11.97	77.98	70.47	71.17	75.03	75.72	0.00
11.98	77.99	70.49	71.19	75.08	75.76	0.00
11.99	78.01	70.51	71.21	75.12	75.80	0.00
12.00	78.02	70.52	71.22	75.17	75.84	0.00
12.01	78.03	70.54	71.24	75.21	75.88	0.00
12.02	78.05	70.56	71.26	75.25	75.92	0.00
12.03	78.06	70.58	71.27	75.30	75.96	0.00
12.04	78.07	70.59	71.29	75.34	76.00	0.00
12.05	78.09	70.61	71.31	75.39	76.04	0.00
12.06	78.10	70.63	71.32	75.43	76.09	0.00
12.07	78.11	70.65	71.34	75.47	76.13	0.00
12.08	78.13	70.66	71.36	75.52	76.17	0.00
12.09	78.14	70.68	71.37	75.56	76.21	0.00
12.10	78.15	70.70	71.39	75.61	76.25	0.00
12.11	78.17	70.71	71.41	75.65	76.29	0.00
12.12	78.18	70.73	71.42	75.69	76.33	0.00
12.13	78.19	70.75	71.44	75.74	76.37	0.00
12.14	78.21	70.77	71.46	75.78	76.42	0.00
12.15	78.22	70.78	71.47	75.83	76.46	0.00
12.16	78.23	70.80	71.49	75.88	76.50	0.00
12.17	78.25	70.82	71.51	75.93	76.55	0.00
12.18	78.26	70.83	71.52	75.97	76.59	0.00
12.19	78.27	70.85	71.54	76.02	76.64	0.00
12.20	78.28	70.87	71.56	76.07	76.68	0.00
12.21	78.30	70.88	71.57	76.12	76.72	0.00
12.22	78.31	70.90	71.59	76.16	76.77	0.00
12.23	78.32	70.92	71.61	76.21	76.81	0.00
12.24	78.34	70.94	71.62	76.26	76.86	0.00
12.25	78.35	70.95	71.64	76.30	76.90	0.00
12.26	78.36	70.97	71.66	76.35	76.94	0.00
12.27	78.37	70.99	71.67	76.40	76.99	0.00
12.28	78.39	71.00	71.69	76.45	77.03	0.00
12.29	78.40	71.02	71.70	76.49	77.08	0.00
12.30	78.41	71.04	71.72	76.54	77.12	0.00
